"1950" "1951" "1952" "1953" "1954" "1955" "1956" "1957" "1958" "1959" "1960" "1961" "1962" "1963" "1964" "1965" "1966" "1967" "1968" "1969" "1970" "1971" "1972" "1973" "1974" "1975" "1976" "1977" "1978" "1979" "1980" "1981" "1982" "1983" "1984" "1985" "1986" "1987" "1988" "1989" "1990" "1991" "1992" "1993" "1994" "1995" "1996" "1997" "1998" "1999" "2000" "2001" "2002" "2003" "2004" "2005" "2006" "2007" "2008" "2009"
"0" 100000 100000 100000 100000 100000 100000 100000 100000 100000 100000 100000 100000 100000 100000 100000 100000 100000 100000 100000 100000 100000 100000 100000 100000 100000 100000 100000 100000 100000 100000 100000 100000 100000 100000 100000 100000 100000 100000 100000 100000 100000 100000 100000 100000 100000 100000 100000 100000 100000 100000 100000 100000 100000 100000 100000 100000 100000 100000 100000 100000
"1" 94781 94931 95560 95619 95975 96354 96342 96471 96767 96984 97260 97484 97618 97912 98170 98304 98538 98471 98705 98755 98838 98888 98985 99008 99075 99150 99202 99233 99273 99318 99350 99373 99422 99438 99472 99497 99526 99551 99562 99581 99585 99578 99598 99602 99614 99618 99652 99657 99654 99691 99698 99716 99717 99714 99740 99749 99749 99754 99752 99788
"2" 93404 93725 94707 94819 95316 95827 95843 95979 96366 96601 96925 97206 97355 97689 97966 98114 98354 98301 98537 98605 98689 98736 98838 98866 98942 99029 99084 99120 99168 99221 99253 99278 99332 99355 99392 99422 99455 99480 99491 99516 99514 99513 99532 99535 99551 99552 99598 99601 99597 99637 99651 99671 99675 99676 99701 99713 99709 99721 99719 99753
"3" 92488 92862 94005 94204 94798 95423 95463 95631 96074 96342 96698 97004 97189 97555 97835 97997 98247 98203 98439 98511 98601 98651 98757 98784 98865 98958 99021 99056 99111 99167 99203 99226 99284 99309 99344 99381 99414 99443 99453 99476 99480 99477 99497 99495 99518 99520 99565 99565 99563 99609 99625 99645 99649 99652 99681 99690 99689 99700 99697 99736
"4" 91802 92217 93484 93739 94362 95096 95159 95354 95840 96138 96528 96854 97060 97449 97740 97904 98165 98134 98371 98446 98531 98590 98694 98722 98805 98904 98974 99014 99067 99127 99161 99185 99252 99275 99309 99353 99387 99414 99425 99449 99454 99452 99469 99468 99492 99491 99545 99543 99541 99589 99607 99626 99632 99634 99664 99673 99671 99683 99683 99720
"5" 91407 91770 93108 93405 94045 94838 94922 95142 95669 95976 96387 96727 96955 97360 97662 97831 98095 98071 98312 98387 98479 98540 98642 98677 98759 98861 98933 98975 99031 99093 99129 99159 99224 99251 99284 99331 99366 99396 99403 99427 99435 99433 99445 99444 99473 99470 99527 99520 99524 99574 99591 99613 99617 99619 99650 99659 99659 99672 99671 99709
"6" 91114 91520 92859 93177 93827 94656 94754 94976 95531 95847 96271 96629 96868 97286 97593 97773 98038 98023 98261 98341 98429 98496 98599 98635 98723 98825 98900 98941 99003 99066 99102 99134 99201 99227 99264 99309 99350 99380 99382 99412 99416 99413 99428 99424 99456 99451 99512 99504 99510 99559 99580 99602 99603 99606 99641 99649 99647 99661 99661 99696
"7" 90907 91329 92710 93010 93679 94531 94633 94859 95431 95750 96185 96561 96804 97228 97537 97719 97993 97978 98218 98298 98390 98457 98562 98595 98689 98794 98870 98910 98977 99043 99077 99111 99180 99208 99244 99293 99332 99363 99366 99393 99401 99396 99412 99408 99440 99434 99499 99491 99497 99548 99567 99592 99593 99595 99633 99639 99638 99652 99653 99686
"8" 90751 91179 92590 92908 93570 94444 94549 94773 95353 95670 96122 96500 96754 97183 97492 97676 97950 97943 98179 98262 98355 98424 98529 98564 98662 98771 98841 98885 98955 99022 99056 99094 99163 99188 99229 99277 99318 99346 99352 99379 99387 99380 99396 99392 99427 99417 99486 99480 99481 99536 99557 99580 99580 99586 99623 99630 99630 99644 99645 99679
"9" 90617 91067 92492 92824 93494 94370 94479 94705 95296 95609 96064 96453 96707 97146 97457 97644 97914 97914 98145 98233 98327 98394 98502 98539 98640 98748 98819 98864 98939 99007 99040 99077 99149 99172 99216 99264 99306 99333 99340 99365 99374 99369 99384 99379 99417 99405 99474 99469 99472 99526 99550 99571 99571 99575 99617 99622 99620 99637 99636 99672
"10" 90500 90969 92409 92748 93426 94313 94413 94643 95247 95555 96016 96407 96668 97113 97423 97614 97883 97884 98117 98208 98301 98370 98478 98516 98619 98730 98799 98848 98921 98991 99024 99064 99133 99157 99202 99254 99295 99321 99328 99353 99362 99358 99375 99367 99405 99394 99465 99460 99461 99518 99540 99563 99562 99568 99611 99616 99613 99630 99629 99665
"11" 90396 90879 92330 92683 93364 94256 94360 94583 95199 95504 95974 96367 96632 97085 97393 97585 97851 97855 98092 98184 98276 98344 98456 98494 98601 98709 98784 98831 98904 98977 99010 99050 99118 99145 99190 99242 99285 99311 99319 99342 99350 99349 99364 99356 99394 99382 99457 99453 99452 99510 99533 99555 99553 99562 99603 99607 99606 99623 99622 99657
"12" 90296 90797 92256 92616 93306 94193 94314 94537 95152 95456 95933 96329 96593 97054 97363 97560 97819 97830 98067 98163 98252 98325 98437 98473 98581 98694 98764 98815 98890 98963 98996 99039 99105 99132 99178 99229 99275 99300 99308 99329 99341 99338 99352 99346 99387 99369 99448 99445 99443 99499 99525 99548 99546 99552 99597 99602 99600 99618 99616 99653
"13" 90190 90707 92181 92550 93247 94137 94261 94483 95114 95407 95887 96294 96558 97024 97332 97533 97788 97801 98040 98138 98229 98303 98414 98456 98561 98674 98748 98798 98873 98948 98984 99027 99092 99118 99166 99218 99264 99290 99298 99317 99331 99328 99341 99333 99379 99356 99439 99435 99433 99489 99518 99542 99539 99543 99591 99596 99593 99611 99611 99645
"14" 90083 90609 92105 92484 93185 94080 94209 94423 95066 95368 95845 96257 96522 96995 97299 97503 97758 97772 98010 98107 98204 98279 98392 98431 98542 98655 98728 98782 98857 98932 98970 99013 99078 99105 99154 99204 99250 99278 99284 99306 99319 99316 99329 99320 99369 99344 99426 99425 99420 99479 99509 99533 99529 99532 99583 99587 99585 99605 99604 99637
"15" 89955 90504 92016 92408 93115 94016 94154 94364 95018 95321 95810 96212 96484 96964 97268 97469 97730 97743 97982 98078 98177 98253 98368 98407 98521 98632 98712 98766 98840 98917 98956 98996 99063 99091 99141 99189 99234 99264 99271 99293 99305 99306 99315 99307 99356 99330 99414 99415 99410 99466 99501 99522 99520 99521 99573 99577 99576 99594 99597 99630
"16" 89807 90387 91924 92325 93050 93947 94091 94298 94961 95264 95766 96170 96441 96925 97233 97436 97696 97711 97954 98048 98147 98223 98343 98379 98490 98607 98690 98747 98823 98898 98937 98975 99047 99072 99123 99172 99217 99248 99253 99278 99290 99293 99299 99293 99343 99311 99399 99402 99397 99451 99489 99510 99508 99509 99560 99564 99563 99584 99583 99619
"17" 89619 90243 91808 92226 92958 93873 94010 94214 94889 95200 95704 96116 96401 96880 97193 97398 97655 97669 97911 98012 98110 98191 98311 98346 98455 98581 98665 98721 98796 98873 98913 98952 99026 99047 99103 99147 99196 99227 99231 99258 99270 99271 99277 99276 99326 99290 99380 99387 99379 99432 99472 99492 99493 99492 99543 99551 99550 99568 99568 99606
"18" 89398 90083 91675 92107 92845 93775 93921 94121 94804 95119 95630 96045 96348 96831 97145 97353 97612 97629 97872 97971 98067 98151 98272 98308 98422 98548 98635 98693 98768 98842 98883 98923 98999 99017 99078 99126 99173 99209 99208 99235 99245 99251 99258 99257 99306 99266 99363 99368 99356 99412 99455 99473 99472 99474 99524 99535 99532 99551 99550 99589
"19" 89131 89881 91516 91966 92716 93656 93809 94011 94701 95023 95540 95964 96277 96771 97097 97298 97561 97581 97828 97927 98020 98112 98228 98266 98387 98512 98601 98661 98733 98812 98853 98890 98969 98988 99051 99101 99147 99183 99179 99205 99219 99226 99229 99234 99284 99245 99340 99341 99331 99388 99431 99454 99452 99448 99502 99513 99512 99535 99531 99572
"20" 88829 89651 91328 91804 92561 93513 93677 93875 94581 94905 95433 95868 96200 96700 97035 97248 97500 97528 97772 97872 97967 98061 98178 98219 98340 98471 98562 98624 98697 98781 98822 98864 98937 98959 99020 99070 99115 99152 99150 99175 99187 99200 99201 99205 99258 99218 99314 99319 99305 99362 99409 99431 99428 99423 99478 99487 99485 99511 99504 99550
"21" 88511 89393 91120 91612 92391 93359 93530 93729 94443 94794 95316 95762 96109 96621 96961 97186 97441 97467 97710 97811 97904 98002 98124 98166 98293 98416 98518 98585 98656 98741 98786 98830 98903 98927 98988 99039 99083 99121 99119 99142 99159 99173 99172 99177 99229 99188 99289 99290 99275 99338 99384 99406 99405 99401 99451 99462 99459 99485 99479 99522
"22" 88136 89134 90894 91406 92187 93186 93365 93576 94297 94658 95198 95651 96011 96533 96884 97108 97368 97407 97649 97749 97839 97943 98065 98110 98239 98369 98477 98543 98617 98702 98749 98799 98870 98891 98954 99010 99047 99087 99090 99114 99130 99143 99146 99148 99198 99157 99262 99265 99248 99306 99358 99380 99378 99377 99428 99437 99432 99456 99452 99496
"23" 87732 88840 90661 91190 91991 93002 93199 93403 94136 94521 95060 95541 95902 96440 96799 97030 97287 97337 97586 97674 97773 97878 98004 98051 98186 98316 98426 98501 98577 98663 98712 98766 98837 98854 98919 98979 99015 99057 99065 99083 99097 99114 99117 99124 99170 99125 99235 99238 99221 99277 99330 99352 99353 99349 99401 99404 99402 99428 99427 99467
"24" 87301 88521 90396 90964 91774 92814 93010 93222 93972 94374 94925 95414 95795 96339 96706 96945 97203 97255 97515 97606 97698 97809 97937 97986 98122 98261 98373 98454 98535 98625 98677 98730 98801 98817 98883 98947 98981 99024 99030 99054 99065 99085 99087 99095 99142 99096 99209 99214 99191 99250 99301 99324 99326 99325 99370 99372 99375 99399 99395 99437
"25" 86862 88177 90131 90726 91544 92613 92826 93031 93804 94219 94784 95291 95675 96237 96611 96856 97115 97175 97434 97531 97634 97742 97870 97918 98060 98203 98320 98409 98490 98580 98639 98689 98767 98777 98848 98910 98946 98989 98995 99024 99034 99056 99056 99069 99116 99068 99181 99187 99162 99220 99269 99298 99298 99296 99345 99338 99342 99372 99368 99410
"26" 86433 87840 89853 90484 91316 92419 92636 92845 93635 94070 94642 95157 95558 96125 96515 96761 97027 97091 97350 97451 97556 97675 97794 97854 97998 98139 98265 98359 98441 98536 98598 98648 98732 98735 98809 98875 98909 98953 98962 98991 99001 99027 99026 99040 99086 99040 99155 99160 99133 99189 99241 99270 99274 99265 99317 99308 99311 99341 99334 99379
"27" 85983 87496 89570 90234 91086 92214 92446 92658 93468 93909 94498 95026 95435 96021 96411 96662 96936 97005 97261 97369 97476 97604 97729 97786 97933 98082 98209 98307 98390 98488 98550 98606 98690 98692 98768 98838 98868 98918 98927 98957 98968 98993 98994 99014 99057 99007 99127 99132 99098 99158 99210 99239 99247 99236 99289 99277 99277 99312 99306 99344
"28" 85546 87133 89289 89986 90844 92000 92259 92468 93295 93746 94349 94890 95313 95907 96307 96564 96844 96915 97175 97286 97396 97522 97657 97724 97862 98025 98152 98254 98337 98440 98501 98562 98647 98652 98725 98798 98828 98881 98889 98922 98937 98958 98959 98986 99025 98975 99096 99101 99066 99124 99177 99210 99216 99205 99260 99247 99245 99280 99273 99313
"29" 85097 86780 88996 89728 90597 91788 92061 92272 93131 93581 94194 94754 95187 95792 96200 96456 96751 96821 97086 97195 97309 97446 97580 97654 97804 97958 98091 98198 98282 98391 98452 98513 98603 98609 98680 98755 98785 98843 98850 98884 98902 98923 98921 98951 98992 98940 99064 99068 99031 99092 99143 99177 99186 99172 99226 99216 99212 99248 99241 99280
"30" 84672 86429 88709 89456 90353 91565 91859 92064 92944 93409 94046 94616 95043 95668 96081 96345 96650 96716 96999 97110 97221 97368 97503 97571 97735 97895 98026 98141 98224 98338 98404 98464 98555 98560 98635 98711 98741 98801 98808 98844 98861 98887 98881 98917 98957 98905 99031 99030 98996 99055 99107 99146 99151 99139 99190 99180 99173 99213 99207 99244
"31" 84245 86070 88401 89185 90100 91343 91640 91844 92764 93236 93891 94468 94902 95545 95964 96245 96539 96616 96898 97014 97132 97281 97417 97495 97655 97823 97966 98074 98162 98287 98349 98411 98504 98509 98589 98662 98698 98758 98767 98803 98819 98846 98843 98877 98919 98865 98996 98992 98957 99017 99068 99107 99116 99103 99154 99143 99138 99177 99171 99213
"32" 83839 85718 88098 88911 89843 91108 91430 91636 92580 93055 93733 94312 94758 95420 95840 96124 96429 96514 96798 96916 97047 97192 97329 97410 97581 97748 97901 98020 98094 98225 98294 98356 98448 98457 98533 98614 98652 98715 98722 98761 98775 98804 98801 98837 98876 98823 98955 98952 98916 98972 99028 99065 99075 99063 99119 99104 99104 99140 99130 99173
"33" 83427 85371 87791 88641 89572 90875 91205 91416 92385 92870 93560 94150 94604 95285 95715 96002 96311 96399 96698 96808 96943 97102 97237 97321 97502 97677 97828 97950 98036 98157 98231 98298 98391 98405 98481 98560 98601 98669 98676 98718 98732 98761 98761 98798 98831 98775 98908 98904 98870 98929 98986 99023 99036 99021 99077 99062 99064 99104 99088 99132
"34" 83015 85014 87489 88351 89309 90634 90977 91186 92194 92674 93384 93991 94447 95147 95579 95871 96189 96283 96587 96697 96833 97000 97148 97233 97410 97590 97751 97878 97967 98095 98164 98235 98328 98347 98422 98504 98549 98620 98625 98668 98684 98714 98714 98748 98786 98728 98859 98859 98822 98886 98941 98981 98991 98979 99037 99017 99020 99063 99048 99092
"35" 82594 84664 87172 88067 89032 90394 90727 90945 91988 92471 93200 93806 94286 94993 95443 95736 96058 96168 96466 96579 96722 96892 97047 97140 97321 97502 97670 97802 97888 98020 98099 98161 98259 98277 98360 98442 98493 98564 98572 98614 98633 98665 98667 98700 98738 98672 98812 98813 98774 98831 98891 98935 98941 98931 98989 98966 98974 99020 99001 99047
"36" 82170 84298 86850 87782 88762 90130 90489 90703 91775 92261 93013 93623 94118 94839 95299 95591 95918 96035 96338 96458 96603 96784 96942 97035 97226 97408 97585 97717 97808 97939 98023 98093 98183 98201 98292 98378 98431 98506 98512 98560 98573 98609 98611 98646 98687 98619 98761 98756 98717 98777 98835 98885 98890 98878 98937 98916 98926 98970 98956 98997
"37" 81743 83933 86520 87483 88481 89866 90232 90447 91549 92049 92814 93443 93939 94676 95142 95435 95779 95893 96204 96326 96472 96666 96828 96927 97121 97318 97487 97624 97720 97861 97939 98015 98114 98120 98216 98307 98360 98442 98449 98496 98512 98550 98552 98589 98630 98566 98709 98702 98657 98723 98785 98830 98833 98825 98878 98859 98872 98919 98902 98948
"38" 81324 83554 86178 87175 88193 89589 89981 90175 91321 91817 92603 93250 93757 94483 94969 95278 95636 95747 96060 96184 96332 96539 96708 96805 97010 97203 97388 97527 97627 97771 97858 97926 98033 98048 98128 98228 98283 98374 98376 98424 98444 98491 98487 98528 98570 98507 98646 98644 98600 98669 98718 98771 98776 98769 98823 98799 98813 98861 98842 98888
"39" 80886 83167 85832 86852 87879 89308 89713 89906 91076 91594 92385 93038 93557 94298 94778 95110 95472 95592 95911 96026 96191 96395 96581 96685 96887 97091 97278 97434 97526 97671 97761 97836 97940 97961 98052 98143 98206 98297 98301 98348 98373 98418 98416 98459 98503 98437 98582 98579 98537 98607 98652 98708 98713 98703 98760 98736 98751 98798 98782 98825
"40" 80428 82757 85475 86506 87572 89016 89435 89626 90828 91344 92144 92816 93343 94105 94589 94920 95291 95420 95751 95867 96034 96253 96427 96551 96756 96961 97165 97319 97418 97564 97657 97739 97846 97865 97960 98062 98112 98208 98215 98262 98297 98343 98344 98387 98429 98361 98511 98511 98461 98536 98583 98641 98644 98635 98684 98668 98688 98731 98708 98758
"41" 79966 82344 85092 86171 87252 88708 89151 89334 90553 91087 91887 92583 93119 93894 94385 94735 95103 95239 95571 95695 95868 96094 96272 96400 96621 96827 97035 97199 97302 97454 97547 97629 97747 97765 97852 97961 98023 98109 98124 98168 98212 98261 98260 98302 98352 98280 98434 98437 98379 98456 98507 98569 98571 98560 98611 98594 98612 98663 98639 98690
"42" 79498 81924 84695 85814 86933 88394 88835 89022 90284 90805 91626 92328 92878 93662 94168 94528 94905 95042 95389 95520 95674 95929 96107 96244 96469 96678 96895 97071 97176 97321 97429 97513 97633 97649 97739 97852 97918 98019 98020 98067 98110 98173 98167 98216 98268 98192 98353 98349 98294 98369 98423 98489 98491 98484 98532 98511 98531 98589 98562 98608
"43" 79003 81493 84299 85423 86586 88070 88518 88684 89996 90529 91368 92075 92623 93411 93936 94303 94688 94843 95182 95323 95485 95745 95933 96066 96301 96516 96746 96927 97036 97192 97306 97395 97513 97527 97618 97732 97799 97912 97922 97955 98004 98068 98066 98113 98172 98096 98254 98251 98202 98279 98329 98400 98405 98403 98442 98428 98449 98504 98479 98525
"44" 78519 81038 83887 85035 86212 87709 88176 88343 89694 90220 91084 91784 92356 93160 93686 94065 94453 94618 94965 95099 95270 95544 95748 95884 96116 96339 96576 96777 96883 97044 97160 97258 97385 97400 97484 97600 97675 97779 97805 97845 97883 97947 97950 98002 98063 97987 98148 98149 98103 98179 98231 98305 98314 98307 98354 98336 98352 98409 98385 98438
"45" 78029 80570 83472 84619 85810 87332 87812 87988 89362 89890 90766 91490 92066 92887 93397 93790 94199 94379 94713 94870 95033 95322 95547 95674 95911 96149 96400 96606 96719 96884 97001 97106 97229 97260 97341 97458 97535 97656 97662 97726 97771 97815 97826 97874 97948 97868 98037 98036 97993 98067 98117 98192 98212 98204 98260 98233 98253 98313 98287 98333
"46" 77486 80096 83015 84178 85395 86943 87423 87601 88995 89545 90419 91160 91754 92583 93119 93495 93919 94115 94460 94607 94786 95087 95320 95447 95703 95954 96201 96420 96540 96711 96835 96942 97071 97104 97194 97308 97391 97513 97529 97586 97642 97695 97686 97731 97816 97731 97908 97918 97870 97946 97995 98075 98102 98092 98148 98123 98149 98205 98184 98225
"47" 76947 79588 82544 83696 84951 86519 86999 87168 88611 89177 90044 90810 91413 92267 92786 93184 93611 93826 94170 94345 94530 94839 95071 95206 95472 95732 95987 96216 96342 96516 96652 96766 96902 96932 97020 97149 97238 97358 97377 97441 97496 97556 97557 97575 97672 97584 97768 97776 97739 97807 97866 97947 97976 97973 98028 98003 98024 98079 98063 98108
"48" 76383 79036 82041 83218 84476 86068 86545 86730 88186 88782 89646 90442 91045 91900 92436 92836 93300 93505 93860 94034 94237 94571 94793 94944 95220 95489 95756 96002 96130 96306 96444 96570 96706 96747 96834 96969 97068 97187 97209 97283 97342 97390 97402 97436 97508 97419 97616 97625 97585 97661 97730 97805 97847 97841 97904 97866 97897 97951 97936 97984
"49" 75777 78444 81498 82670 83980 85559 86066 86235 87730 88340 89203 90045 90637 91510 92032 92460 92949 93170 93540 93705 93910 94283 94496 94663 94944 95223 95510 95753 95896 96063 96220 96345 96497 96539 96628 96775 96874 97005 97027 97108 97165 97225 97219 97262 97357 97235 97445 97457 97422 97506 97578 97653 97696 97700 97747 97725 97752 97809 97795 97850
"50" 75146 77818 80915 82096 83433 85023 85543 85704 87232 87859 88724 89590 90199 91083 91627 92044 92572 92809 93195 93344 93553 93959 94184 94358 94652 94934 95234 95487 95643 95819 95976 96113 96258 96320 96409 96561 96657 96807 96830 96914 96966 97029 97038 97073 97184 97058 97247 97270 97240 97325 97405 97489 97538 97543 97585 97571 97599 97659 97644 97696
"51" 74468 77192 80290 81482 82829 84451 84969 85124 86698 87351 88230 89085 89715 90631 91195 91616 92159 92408 92805 92962 93156 93609 93829 94016 94326 94627 94939 95193 95379 95544 95716 95853 96002 96073 96180 96326 96430 96592 96609 96702 96758 96829 96834 96873 96980 96861 97063 97060 97037 97130 97213 97303 97354 97369 97416 97398 97427 97488 97477 97540
"52" 73766 76535 79618 80805 82180 83853 84359 84529 86102 86790 87690 88568 89182 90133 90717 91141 91706 91977 92374 92529 92760 93218 93471 93644 93969 94285 94610 94874 95077 95262 95413 95574 95726 95797 95922 96062 96181 96356 96378 96472 96541 96613 96611 96658 96777 96632 96861 96866 96804 96913 97005 97106 97162 97182 97224 97206 97234 97306 97302 97364
"53" 72980 75806 78898 80114 81505 83211 83716 83877 85513 86180 87109 87986 88597 89612 90189 90654 91201 91511 91898 92084 92317 92793 93059 93245 93591 93912 94265 94535 94753 94943 95102 95265 95441 95504 95645 95784 95925 96097 96117 96237 96289 96376 96380 96429 96549 96397 96613 96643 96599 96678 96776 96891 96954 96974 97022 97003 97037 97115 97115 97178
"54" 72208 75016 78157 79360 80787 82519 83020 83185 84858 85524 86446 87379 87982 89042 89624 90097 90690 91005 91402 91600 91841 92327 92632 92798 93182 93496 93882 94167 94407 94610 94776 94951 95126 95199 95340 95491 95640 95825 95850 95969 96038 96101 96134 96181 96294 96144 96376 96395 96361 96463 96519 96639 96728 96753 96798 96791 96828 96903 96913 96978
"55" 71349 74239 77321 78572 80039 81775 82281 82452 84164 84836 85770 86710 87328 88415 89023 89485 90112 90459 90853 91070 91312 91825 92159 92362 92737 93071 93460 93788 94026 94250 94418 94605 94804 94873 95031 95170 95328 95513 95556 95677 95773 95816 95853 95924 96032 95873 96111 96149 96094 96207 96288 96372 96479 96508 96544 96551 96602 96679 96692 96764
"56" 70492 73371 76495 77697 79259 81006 81493 81644 83406 84112 85045 85995 86632 87756 88395 88839 89506 89866 90289 90496 90734 91301 91662 91868 92272 92607 93020 93373 93619 93859 94046 94240 94445 94511 94676 94844 94992 95190 95233 95367 95471 95512 95564 95627 95782 95577 95833 95875 95826 95918 96015 96138 96204 96242 96277 96292 96366 96432 96457 96542
"57" 69550 72460 75578 76816 78387 80191 80640 80785 82597 83333 84280 85234 85888 87042 87677 88139 88839 89235 89670 89887 90113 90718 91116 91324 91759 92107 92532 92904 93171 93443 93606 93844 94053 94134 94319 94477 94644 94843 94898 95022 95146 95187 95229 95316 95464 95280 95546 95581 95525 95628 95726 95863 95955 95949 95989 96020 96103 96172 96211 96297
"58" 68521 71450 74623 75834 77484 79299 79739 79867 81728 82474 83461 84430 85074 86287 86925 87395 88121 88527 88972 89224 89455 90091 90492 90737 91210 91559 92009 92396 92693 92978 93143 93410 93633 93712 93929 94098 94258 94475 94532 94663 94789 94848 94893 94969 95137 94937 95243 95265 95211 95316 95441 95548 95665 95688 95677 95716 95816 95899 95943 96043
"59" 67431 70350 73508 74763 76450 78313 78659 78838 80777 81518 82521 83503 84167 85385 86101 86545 87307 87742 88175 88453 88714 89435 89828 90091 90574 90966 91443 91865 92155 92481 92664 92928 93172 93268 93493 93672 93865 94058 94141 94259 94419 94460 94516 94602 94784 94595 94899 94950 94885 94976 95114 95238 95346 95380 95394 95387 95503 95598 95653 95765
"60" 66339 69256 72379 73637 75437 77257 77626 77785 79799 80524 81520 82524 83224 84477 85215 85676 86444 86902 87349 87668 87945 88707 89112 89411 89900 90318 90817 91293 91604 91914 92128 92405 92669 92795 93015 93201 93439 93646 93708 93845 93997 94044 94099 94194 94393 94194 94528 94575 94543 94605 94764 94905 95013 95052 95071 95093 95161 95280 95331 95462
"61" 65131 68055 71231 72428 74288 76124 76461 76669 78723 79470 80443 81480 82186 83517 84274 84709 85526 85995 86462 86795 87092 87911 88365 88669 89166 89636 90147 90638 90969 91333 91531 91841 92119 92262 92501 92705 92960 93165 93238 93392 93546 93604 93646 93742 93981 93775 94109 94181 94134 94223 94403 94551 94662 94709 94700 94756 94849 94928 94981 95140
"62" 63818 66783 69993 71140 73090 74944 75233 75419 77587 78313 79307 80348 81059 82450 83232 83661 84530 84999 85475 85827 86087 87013 87514 87841 88379 88854 89399 89933 90290 90669 90876 91192 91515 91665 91943 92155 92441 92660 92721 92898 93048 93122 93151 93275 93517 93288 93658 93746 93720 93793 94030 94172 94281 94323 94345 94361 94492 94599 94599 94773
"63" 62490 65414 68604 69794 71783 73626 73926 74056 76317 77136 78030 79155 79851 81286 82072 82507 83442 83904 84434 84801 85012 86042 86584 86945 87493 88030 88618 89144 89542 89965 90155 90513 90853 91005 91331 91549 91862 92098 92177 92376 92524 92600 92638 92746 93003 92773 93177 93273 93258 93337 93586 93771 93861 93928 93942 93968 94105 94214 94257 94384
"64" 60900 63979 67121 68301 70415 72176 72458 72572 74978 75788 76730 77792 78525 80026 80851 81215 82207 82731 83237 83675 83870 84953 85539 85936 86526 87126 87758 88297 88733 89187 89387 89744 90144 90270 90666 90862 91222 91486 91567 91785 91962 92043 92064 92190 92449 92228 92639 92770 92760 92828 93109 93302 93429 93483 93503 93539 93701 93779 93855 94035
"65" 59268 62321 65557 66648 68861 70688 70881 70973 73504 74321 75184 76396 77027 78634 79494 79839 80884 81408 81940 82400 82658 83750 84374 84819 85453 86090 86769 87376 87854 88336 88523 88928 89333 89521 89901 90128 90529 90811 90911 91150 91329 91437 91450 91568 91872 91625 92070 92177 92219 92281 92584 92802 92928 93027 93032 93067 93261 93349 93405 93613
"66" 57563 60601 63764 64935 67184 69051 69226 69254 71929 72754 73600 74771 75485 77098 78013 78350 79435 80004 80525 81073 81265 82496 83098 83586 84256 84975 85672 86338 86844 87390 87590 88014 88461 88666 89082 89317 89754 90086 90188 90453 90642 90768 90775 90922 91225 90976 91448 91572 91595 91696 92008 92252 92402 92493 92544 92558 92768 92855 92960 93147
"67" 55693 58777 61904 62960 65442 67286 67408 67431 70223 71012 71837 73064 73725 75495 76334 76704 77880 78473 79006 79527 79791 81074 81785 82246 82960 83725 84482 85187 85715 86386 86532 87010 87494 87712 88179 88434 88899 89299 89382 89678 89885 90035 90042 90181 90520 90243 90761 90893 90960 91044 91391 91653 91802 91938 91978 92049 92240 92340 92444 92661
"68" 53734 56785 59953 60932 63431 65380 65391 65401 68458 69121 69915 71203 71853 73630 74619 74805 76138 76809 77352 77856 78140 79506 80290 80816 81494 82318 83141 83908 84476 85209 85414 85913 86457 86679 87164 87449 88016 88405 88496 88804 89053 89220 89238 89383 89761 89483 90029 90190 90245 90309 90695 90997 91177 91313 91384 91427 91683 91777 91879 92109
"69" 51686 54687 57817 58775 61325 63256 63295 63177 66426 67161 67835 69111 69808 71625 72624 72882 74149 74951 75523 76070 76282 77757 78663 79227 79926 80786 81654 82499 83164 83928 84147 84699 85304 85532 86038 86368 86980 87442 87491 87883 88123 88302 88339 88499 88908 88635 89221 89391 89484 89517 89955 90251 90470 90641 90714 90771 91025 91193 91288 91513
"70" 49464 52455 55581 56409 59074 61037 60871 60843 64167 64942 65638 66947 67548 69475 70527 70689 72129 72867 73526 74110 74345 75898 76850 77449 78170 79184 80026 80907 81682 82514 82702 83311 84012 84267 84817 85199 85854 86330 86398 86804 87082 87314 87350 87521 87972 87713 88340 88535 88612 88677 89136 89454 89702 89889 89987 90046 90324 90476 90630 90873
"71" 47255 50085 53244 53864 56696 58626 58408 58176 61825 62572 63237 64612 65106 67160 68241 68355 69833 70706 71304 71964 72197 73896 74838 75471 76244 77298 78241 79138 79981 80903 81107 81789 82581 82865 83467 83868 84589 85133 85203 85660 85923 86217 86266 86436 86945 86670 87385 87596 87690 87716 88248 88566 88842 89038 89179 89250 89545 89718 89874 90191
"72" 44863 47636 50704 51179 54184 56093 55720 55485 59128 60063 60564 62022 62566 64667 65727 65847 67398 68231 68990 69523 69809 71752 72703 73311 74094 75285 76258 77306 78086 79071 79321 80088 80954 81280 82000 82385 83205 83809 83852 84377 84663 84976 85034 85237 85803 85503 86304 86560 86665 86675 87257 87620 87905 88110 88297 88357 88696 88880 89055 89393
"73" 42398 45071 48178 48340 51562 53439 52913 52560 56378 57237 57772 59185 59731 62066 62938 63117 64737 65628 66345 67040 67139 69341 70326 71009 71779 72987 74089 75219 75975 77077 77317 78225 79187 79540 80307 80814 81647 82322 82373 82959 83223 83601 83660 83911 84560 84244 85109 85414 85526 85555 86210 86563 86879 87103 87304 87344 87745 87953 88124 88529
"74" 39808 42461 45406 45527 48760 50642 50014 49519 53461 54348 54658 56293 56592 59149 60100 60152 61851 62748 63548 64215 64371 66559 67792 68435 69250 70518 71636 72908 73738 75000 75122 76089 77203 77584 78432 79024 79941 80681 80766 81387 81647 82059 82204 82390 83132 82799 83776 84123 84285 84318 85005 85417 85754 85980 86207 86251 86688 86932 87098 87555
"75" 37096 39730 42586 42531 45985 47672 46934 46328 50397 51296 51518 53039 53473 55999 56958 57026 58803 59767 60570 61235 61279 63716 64939 65578 66465 67824 68988 70352 71292 72586 72770 73742 74987 75410 76374 77001 78001 78889 78927 79644 79859 80362 80526 80749 81540 81220 82264 82689 82894 82929 83689 84150 84534 84760 85047 85026 85506 85781 85974 86516
"76" 34365 36752 39655 39500 42998 44725 43747 43011 47249 48068 48155 49662 49894 52797 53599 53673 55711 56513 57289 58013 58023 60619 61995 62481 63473 64867 66161 67525 68531 70026 70103 71227 72496 72959 74084 74751 75872 76825 76902 77714 77910 78448 78659 78904 79835 79419 80589 81098 81331 81379 82260 82729 83170 83408 83714 83696 84184 84514 84707 85329
"77" 31602 33888 36677 36336 39993 41569 40519 39599 43950 44759 44666 46128 46283 49166 50214 50062 52218 53121 53849 54584 54562 57292 58651 59294 60124 61767 62987 64479 65472 67127 67241 68438 69869 70284 71500 72272 73501 74556 74619 75598 75787 76360 76577 76863 77875 77492 78700 79336 79578 79642 80606 81177 81643 81917 82253 82200 82772 83106 83337 83974
"78" 28907 31070 33741 33163 36915 38435 37152 36283 40532 41385 41118 42481 42511 45628 46423 46320 48573 49502 50338 51030 50943 53755 55203 55707 56697 58213 59573 61194 62283 63973 64064 65418 66931 67499 68673 69496 70870 72051 72030 73168 73400 74034 74266 74556 75725 75307 76677 77322 77643 77679 78794 79411 79949 80238 80628 80578 81188 81555 81780 82486
"79" 26156 28241 30654 29969 33752 35172 33858 32780 37179 37865 37453 38804 38758 41852 42613 42305 44820 45750 46461 47430 47123 50071 51513 51952 52876 54651 55827 57727 58821 60579 60645 62016 63746 64330 65678 66458 67931 69267 69215 70498 70736 71546 71743 72054 73319 72938 74434 75154 75496 75522 76747 77463 78060 78400 78844 78784 79422 79796 80067 80806
"80" 23553 25401 27709 26763 30594 31927 30493 29417 33720 34432 33747 35077 34891 38010 38750 38331 40839 41934 42481 43585 43323 46213 47633 48051 48953 50753 52097 53917 55128 56938 57045 58385 60279 60888 62313 63237 64674 66172 66071 67538 67795 68629 68998 69287 70657 70271 71934 72690 73138 73104 74521 75251 75960 76324 76843 76799 77478 77899 78121 79005
"81" 20773 22599 24642 23630 27524 28656 27090 26014 30299 30843 30205 31331 31021 34161 34895 34239 37042 37860 38527 39615 39327 42292 43659 43950 44801 46622 47893 50086 51178 53153 53022 54538 56513 57116 58685 59673 61197 62772 62700 64248 64513 65498 65869 66299 67773 67405 69185 70074 70559 70542 72006 72857 73599 74034 74585 74568 75299 75766 76027 76893
"82" 18148 19882 21804 20511 24416 25440 23831 22664 26867 27395 26578 27675 27231 30356 31025 30273 33049 34004 34419 35665 35322 38128 39714 39705 40645 42347 43617 45777 47183 49099 49034 50467 52497 53157 54794 55816 57466 59132 58871 60687 60968 62038 62493 62939 64592 64244 66267 67139 67704 67701 69326 70170 71021 71453 72112 72077 72865 73411 73659 74630
"83" 15587 17257 19003 17692 21359 22414 20716 19575 23631 23981 23181 24074 23674 26664 27282 26376 29167 30061 30578 31589 31304 34120 35766 35532 36328 38088 39326 41548 42865 44965 44696 46314 48286 48933 50682 51741 53442 55235 54883 56672 57191 58307 58855 59329 61087 60776 63020 63963 64573 64641 66366 67384 68148 68632 69373 69286 70186 70805 71028 72091
"84" 13254 14650 16381 15076 18545 19399 17718 16647 20507 20693 19847 20571 20183 23147 23639 22590 25297 26212 26658 27878 27329 30103 31668 31291 32122 33748 35020 37303 38494 40519 40445 41939 44199 44568 46362 47496 49220 51069 50679 52583 52995 54319 54887 55398 57315 57051 59494 60495 61182 61214 63185 64241 65175 65512 66374 66240 67230 67879 68152 69310
"85" 11054 12254 13868 12625 15835 16633 14852 13845 17557 17728 16745 17436 16995 19752 20256 19137 21694 22555 22848 24040 23698 26141 27729 27190 27951 29491 30777 33007 34099 36173 35920 37629 39768 40218 41888 43094 44816 46749 46213 48327 48697 50034 50701 51261 53228 53074 55678 56804 57514 57571 59730 60852 61885 62262 63062 62880 63995 64674 64942 66212
"86" 9081 10188 11546 10321 13357 13984 12400 11311 14840 14931 13984 14525 14049 16599 17035 16023 18322 19100 19335 20421 20059 22472 23846 23331 23927 25458 26578 28695 29918 31827 31539 33011 35458 35716 37524 38620 40337 42187 41715 43920 44144 45648 46177 46969 48936 48849 51627 52746 53675 53605 55998 57187 58308 58682 59608 59256 60466 61141 61435 62825
"87" 7302 8244 9456 8290 11020 11583 10139 9076 12225 12363 11464 11864 11399 13684 14081 13053 15277 15897 16086 17103 16629 18967 20346 19584 20187 21559 22450 24629 25818 27699 27253 28605 30963 31383 33081 34149 35710 37673 37126 39391 39558 41133 41683 42384 44518 44442 47336 48530 49542 49442 51989 53292 54493 54841 55845 55581 56628 57382 57665 59139
"88" 5759 6567 7645 6519 8937 9465 8134 7141 10040 9973 9217 9558 9063 11072 11430 10479 12448 13031 13064 14030 13583 15740 16959 16313 16689 17962 18741 20720 21828 23637 23176 24409 26750 26953 28757 29719 31352 33170 32504 34773 34922 36494 37115 37870 39813 39897 42913 44069 45185 45069 47766 49097 50411 50770 51847 51535 52707 53295 53621 55149
"89" 4440 5186 5982 4977 7149 7540 6329 5490 8071 8004 7172 7510 7041 8803 9191 8214 9953 10403 10457 11226 10963 12847 13815 13193 13611 14655 15329 17108 18204 19889 19279 20554 22696 22861 24464 25521 26968 28814 27908 30200 30346 31944 32619 33283 35261 35224 38364 39526 40705 40595 43387 44793 46140 46505 47577 47308 48515 49170 49304 50928
"90" 3396 4037 4666 3681 5608 5889 4822 4123 6303 6294 5553 5732 5313 6876 7168 6283 7756 8112 8219 8872 8606 10270 11095 10381 10775 11773 12208 13915 14808 16373 15737 16913 18959 18966 20519 21275 22915 24546 23697 25830 25798 27445 28091 28868 30733 30740 33727 34962 36181 36048 38899 40292 41742 42066 43255 42848 44161 44762 45008 46408
"91" 2487 3087 3523 2736 4230 4605 3599 3040 4808 4842 4136 4324 3904 5256 5503 4693 6027 6245 6288 6834 6593 8044 8703 8041 8275 9177 9617 11071 11803 13282 12527 13730 15555 15478 16881 17451 18915 20670 19670 21794 21627 23090 23776 24475 26330 26359 29378 30367 31712 31386 34384 35788 37220 37558 38758 38340 39600 40249 40445 42039
"92" 1792 2246 2645 1954 3119 3466 2608 2154 3593 3563 3026 3156 2858 3912 4132 3429 4524 4688 4725 5147 4930 6154 6659 6048 6234 6994 7276 8680 9106 10529 9728 10801 12561 12300 13522 14183 15440 16791 16094 17848 17770 19012 19740 20361 22062 22103 25021 26091 27231 26944 29847 31272 32653 33015 34219 33725 35036 35614 35908 37461
"93" 1235 1586 1872 1379 2225 2579 1805 1509 2667 2584 2146 2236 1997 2859 2948 2439 3318 3364 3429 3825 3576 4555 4989 4428 4580 5155 5373 6540 7025 8094 7377 8308 9860 9551 10654 11179 12315 13635 12723 14529 14250 15495 16001 16655 18213 18152 21002 21882 23078 22647 25511 26899 28135 28557 29770 29273 30488 31117 31336 32879
"94" 866 1104 1298 919 1614 1842 1259 1014 1925 1772 1503 1518 1388 2069 2122 1680 2350 2416 2419 2757 2515 3339 3646 3211 3279 3744 3944 4840 5202 6146 5449 6251 7499 7270 8202 8611 9603 10696 9951 11418 11206 12290 12840 13218 14611 14596 17220 18020 19220 18740 21322 22659 23892 24212 25403 24865 26070 26679 26869 28282
"95" 571 721 885 621 1092 1267 853 668 1316 1252 980 1016 922 1431 1447 1140 1605 1680 1704 1936 1781 2383 2609 2202 2281 2603 2803 3494 3716 4515 4009 4533 5602 5379 6070 6524 7282 8204 7510 8785 8546 9568 9913 10361 11481 11492 13880 14532 15561 15151 17600 18648 19957 20101 21291 20732 21858 22452 22611 23929
"96" 371 475 593 399 734 866 558 425 897 846 643 667 596 963 973 747 1078 1127 1142 1312 1194 1647 1804 1486 1535 1775 1910 2434 2601 3219 2793 3203 4068 3850 4409 4743 5361 6111 5510 6564 6328 7178 7482 7839 8776 8789 10864 11419 12343 11934 14155 15093 16288 16392 17477 16931 17973 18507 18637 19875
"97" 235 305 387 248 479 576 354 262 595 557 409 426 373 631 636 475 704 734 742 863 776 1106 1212 972 1001 1173 1260 1645 1766 2228 1885 2194 2871 2672 3108 3346 3833 4423 3922 4764 4545 5228 5485 5760 6518 6530 8279 8736 9542 9150 11106 11923 12985 13053 14019 13501 14439 14908 15010 16142
"98" 144 190 246 150 304 373 218 157 384 356 252 263 227 401 404 293 445 463 468 551 489 721 789 616 631 751 805 1077 1162 1495 1231 1455 1966 1797 2124 2287 2656 3106 2704 3353 3161 3691 3900 4103 4696 4706 6131 6496 7176 6816 8485 9175 10093 10132 10966 10491 11311 11712 11788 12795
"99" 86 115 152 88 187 235 130 91 241 221 151 158 134 248 249 175 274 284 286 341 299 456 499 378 385 465 498 683 740 972 777 933 1305 1168 1405 1512 1783 2113 1803 2285 2125 2522 2684 2829 3275 3283 4405 4685 5240 4924 6300 6864 7634 7650 8350 7929 8624 8955 9009 9878
"100" 50 67 91 50 112 144 76 51 147 134 88 92 76 148 149 102 163 168 169 205 177 280 305 224 227 279 297 419 455 612 474 579 838 734 899 967 1157 1391 1162 1506 1380 1665 1786 1886 2209 2214 3065 3272 3708 3443 4539 4983 5608 5608 6177 5817 6387 6652 6688 7413
"101" 28 38 53 28 65 86 43 28 87 78 49 52 42 86 86 57 94 97 97 119 101 167 181 129 130 162 172 248 271 373 279 347 521 446 556 597 726 885 722 959 864 1061 1148 1213 1438 1442 2062 2210 2540 2327 3167 3505 3995 3985 4432 4135 4586 4791 4813 5398
"102" 15 21 30 15 37 49 23 15 50 45 27 29 23 49 49 31 53 54 54 67 56 96 104 72 72 91 96 142 156 219 158 200 314 261 332 356 440 544 433 590 522 652 712 753 903 906 1340 1441 1682 1518 2137 2385 2755 2740 3078 2844 3187 3340 3352 3807
"103" 8 11 16 8 20 28 12 8 28 25 14 15 12 27 26 17 29 29 29 37 30 54 58 38 38 49 52 79 87 125 87 112 182 148 191 204 257 323 251 350 304 386 426 450 547 548 841 907 1075 955 1393 1568 1837 1821 2067 1889 2141 2251 2256 2596
"104" 4 6 9 4 11 15 6 4 15 13 7 8 6 14 14 8 15 15 15 19 16 29 31 20 20 26 27 42 47 69 46 60 102 81 107 113 145 185 140 200 170 221 245 260 319 320 508 550 663 579 876 994 1183 1168 1341 1211 1388 1464 1465 1709
"105" 2 3 5 2 5 8 3 2 8 7 4 4 3 7 7 4 8 8 8 10 8 15 16 10 10 13 14 22 24 37 24 31 56 43 57 61 79 102 75 110 92 121 136 144 179 179 296 321 394 338 531 608 735 722 838 748 868 918 918 1086
"106" 1 2 2 1 3 4 2 1 4 4 2 2 1 4 4 2 4 4 4 5 4 8 8 5 5 6 7 11 12 19 12 16 29 22 30 31 42 55 39 59 48 64 73 77 97 97 166 181 226 190 310 358 440 430 506 445 523 555 553 665
"107" 0 1 1 0 1 2 1 0 2 2 1 1 1 2 2 1 2 2 2 2 2 4 4 2 2 3 3 5 6 9 6 8 15 11 15 16 21 28 20 30 24 33 38 40 51 51 90 98 124 103 175 203 254 247 294 255 303 323 321 392
"108" 0 0 1 0 1 1 0 0 1 1 0 0 0 1 1 0 1 1 1 1 1 2 2 1 1 1 1 3 3 5 3 4 7 5 7 8 10 14 10 15 12 16 19 20 25 25 47 51 66 54 95 111 141 137 164 141 170 181 180 222
"109" 0 0 0 0 0 0 0 0 0 0 0 0 0 0 0 0 0 0 0 1 0 1 1 0 0 1 1 1 1 2 1 2 4 2 3 4 5 7 4 7 6 8 9 10 12 12 24 26 34 27 50 59 76 73 89 75 91 98 97 122
"110" 0 0 0 0 0 0 0 0 0 0 0 0 0 0 0 0 0 0 0 0 0 0 0 0 0 0 0 1 1 1 1 1 2 1 2 2 2 3 2 3 3 4 4 4 6 6 12 13 17 13 25 30 39 38 46 38 47 51 50 64
