"1950" "1951" "1952" "1953" "1954" "1955" "1956" "1957" "1958" "1959" "1960" "1961" "1962" "1963" "1964" "1965" "1966" "1967" "1968" "1969" "1970" "1971" "1972" "1973" "1974" "1975" "1976" "1977" "1978" "1979" "1980" "1981" "1982" "1983" "1984" "1985" "1986" "1987" "1988" "1989" "1990" "1991" "1992" "1993" "1994" "1995" "1996" "1997" "1998" "1999" "2000"
"0" 37956 38283 36186 36571 37045 36368 36362 36453 35771 35651 35362 36212 36646 37433 39599 39821 41106 42351 39134 35604 34087 34106 36072 36531 34519 34122 35020 31464 30089 30192 28886 27959 25993 25678 24915 25302 26386 26938 27177 28498 29848 30863 31378 32894 32792 34093 34051 32938 32868 32131 32396
"1" 39918 37527 37954 35961 36416 36886 36156 36130 36204 35682 35593 35352 36154 36631 37353 39508 39718 41020 42357 39018 35679 34153 34337 36202 36763 34884 34603 35226 31688 30307 30373 29042 28077 26099 25775 24982 25447 26591 27120 27322 28601 29961 31038 31549 33052 32967 34415 34313 33132 33070 32365
"2" 42861 40298 37402 37870 35914 36386 36803 36020 35928 36133 35688 35695 35365 36185 36625 37360 39516 39720 40963 42268 39063 35608 34248 34429 36295 36761 34763 34692 35322 31788 30379 30375 29062 28095 26112 25786 25062 25576 26656 27139 27358 28692 30147 31136 31651 33197 33231 34579 34448 33238 33174
"3" 44367 42738 40191 37309 37839 35861 36348 36672 35848 35900 36122 35717 35755 35405 36182 36611 37365 39488 39687 40877 42271 39095 35691 34316 34473 36238 36661 34793 34772 35394 31868 30398 30366 29083 28155 26134 25885 25184 25643 26698 27191 27416 28830 30240 31232 31735 33452 33397 34711 34519 33287
"4" 43927 44386 42636 40138 37283 37816 35789 36219 36521 35818 35921 36238 35732 35767 35403 36161 36539 37354 39467 39656 40892 42292 39150 35725 34313 34431 36170 36713 34897 34838 35477 31886 30348 30364 29075 28154 26188 25969 25265 25701 26768 27281 27534 28912 30338 31361 32038 33614 33485 34790 34542
"5" 42051 44089 44318 42592 40121 37268 37769 35691 36081 36457 35811 35904 36241 35760 35795 35413 36623 36548 37304 39428 39663 40857 42320 39222 35784 34315 34353 36193 36782 34928 34876 35503 31842 30349 30327 29096 28192 26261 26064 25301 25739 26816 27391 27611 29002 30438 31612 32180 33692 33569 34832
"6" 39284 41824 44023 44253 42570 40081 37220 37695 35571 36035 36478 35925 35936 36275 35779 35783 35371 36610 36544 37267 39422 39738 40931 42328 39265 35747 34307 34403 36249 36821 34990 34920 35489 31821 30351 30352 29142 28288 26365 26081 25374 25823 26927 27473 27719 29105 30692 31781 32235 33746 33589
"7" 37138 38989 41752 43982 44242 42547 40047 37136 37544 35557 36047 36480 35944 35981 36293 35777 35793 35371 36604 36537 37300 39437 39768 40973 42402 39260 35683 34322 34500 36280 36846 35003 34921 35447 31808 30343 30379 29185 28350 26431 26125 25434 25945 27037 27574 27802 29377 30832 31863 32284 33762
"8" 32621 37196 38921 41696 43965 44210 42498 39973 37023 37515 35533 36305 36523 35955 35974 36312 35822 35795 35369 36565 36545 37254 39474 39793 41032 42437 39160 35726 34389 34526 36330 36845 34980 34877 35407 31784 30387 30444 29264 28377 26492 26186 25536 26017 27098 27634 28090 29542 30926 31951 32343
"9" 32557 32511 37133 38886 41671 43941 44169 42410 39882 36991 37504 35267 36327 36549 35975 35974 36289 35808 35801 35362 36591 36625 37282 39513 39852 41039 42353 39220 35769 34449 34598 36348 36807 34956 34853 35453 31853 30430 30510 29257 28423 26593 26277 25613 26090 27159 27885 28236 29645 31004 32010
"10" 31286 32633 32458 37094 38866 41653 43919 44092 42314 39843 36973 37634 35293 36337 36546 35991 36039 36296 35837 35799 35393 36571 36675 37291 39543 39850 40982 42370 39275 35801 34495 34621 36340 36809 34951 34867 35470 31923 30491 30567 29292 28496 26658 26358 25669 26176 27433 28100 28299 29756 31093
"11" 31519 30835 32588 32425 37098 38861 41625 43841 44000 42290 39833 37151 37676 35277 36344 36558 36012 36074 36296 35789 35799 35325 36568 36682 37343 39519 39769 41009 42417 39310 35859 34494 34627 36342 36822 34976 34879 35525 31959 30538 30615 29370 28597 26743 26427 25731 26436 27570 28160 28391 29824
"12" 30639 31307 30809 32563 32424 37079 38855 41572 43737 43964 42275 39602 37184 37688 35293 36364 36474 36028 36085 36274 35785 35746 35374 36560 36739 37326 39477 39800 41067 42440 39380 35887 34494 34630 36353 36835 35016 34936 35600 31990 30593 30679 29470 28705 26838 26492 25968 26568 27646 28252 28434
"13" 29960 30687 31282 30769 32564 32427 37066 38809 41499 43712 43948 42143 39614 37197 37694 35325 36369 36513 36055 36080 36321 35788 35826 35412 36584 36711 37292 39495 39818 41103 42497 39395 35882 34492 34650 36365 36875 35057 35000 35600 32024 30656 30791 29560 28792 26867 26706 26101 26634 27723 28327
"14" 29526 30341 30633 31258 30767 32547 32408 37023 38769 41467 43701 43876 42148 39625 37203 37713 35526 36361 36522 36052 36092 36435 35825 35809 35496 36611 36657 37322 39551 39836 41145 42506 39404 35877 34503 34684 36426 36932 35119 35030 35688 32085 30754 30886 29640 28861 27100 26826 26205 26748 27805
"15" 28964 29427 30325 30619 31259 30770 32536 32377 36955 38702 41458 43609 43893 42155 39635 37217 37592 35576 36451 36576 36155 36146 36472 35812 35892 35553 36588 36716 37384 39615 39933 41152 42568 39442 35923 34545 34745 36496 37029 35167 35146 35811 32219 30906 30982 29740 29092 27245 26952 26331 26829
"16" 28088 29248 29397 30311 30645 31282 30750 32481 32300 36914 38674 41505 43563 43875 42141 39639 37360 37674 35616 36407 36551 36100 36171 36456 35924 35932 35517 36644 36818 37488 39744 40045 41196 42625 39545 36069 34709 34889 36699 37191 35283 35290 35924 32360 31017 31113 29961 29232 27363 27104 26439
"17" 29149 28137 29196 29383 30286 30592 31153 30568 32258 32135 36719 38466 41204 43332 43554 41896 39413 37166 37467 35449 36339 36645 35845 36007 36387 35823 35678 35431 36667 36816 37510 39708 40023 41170 42627 39577 36141 34800 34968 36635 37175 35361 35412 35989 32435 31105 31344 30197 29416 27553 27295
"18" 28143 29232 28000 29029 29219 30142 30250 30784 30239 31960 31874 36450 38164 41053 43108 43459 42022 39330 37185 37451 35356 36364 36569 35948 36196 36424 35736 35828 35608 36848 36993 37630 39721 40080 41248 42710 39664 36343 34980 35060 36761 37356 35560 35683 36244 32616 31419 31551 30370 29604 27754
"19" 29036 28261 29054 27845 28964 29124 29885 29888 30503 30022 31879 31876 36353 38169 40952 43088 43422 41979 39315 37059 37362 35698 36193 36659 36066 36246 36202 35756 35838 35680 36882 36899 37377 39508 39796 40984 42456 39529 36195 34504 34749 36372 36970 35138 35268 35884 32494 31296 31469 30257 29622
"20" 28172 29482 28209 28963 27894 28937 28910 29648 29698 30487 30145 31726 31871 36449 38120 40967 42943 43466 41967 39238 36996 37514 35638 36485 36950 36243 36119 36419 35859 35983 35748 36894 36904 37413 39640 39987 41270 42698 39682 36103 34781 34963 36687 37350 35525 35689 36363 32942 31609 31735 30585
"21" 29332 28665 29349 28145 28984 27930 28757 28685 29510 29627 30520 30154 31697 31926 36420 38098 40961 42859 43465 41802 39272 37367 37514 35901 36674 37124 36124 36301 36555 36089 36199 35847 36955 37011 37590 39816 40231 41556 42962 39749 36397 35134 35471 37193 37919 36044 36366 36977 33457 32162 32382
"22" 29161 29653 28632 29304 28176 28909 27699 28553 28484 29405 29658 30332 30112 31721 31901 36358 37999 40847 42785 43207 41782 39496 37275 37665 36006 36753 36876 36134 36346 36610 36179 36135 35831 36972 37087 37651 39920 40390 41605 42928 39810 36605 35317 35738 37412 38190 36498 36697 37342 33897 32637
"23" 30197 29319 29585 28545 29302 28104 28747 27509 28365 28410 29439 29892 30283 30115 31642 31880 35929 37901 40752 42603 43174 42053 39283 37360 37767 36055 36585 36877 36193 36391 36728 36100 36077 35804 36963 37086 37755 40049 40393 41539 42977 39914 36781 35459 35929 37606 38452 36800 36951 37589 34163
"24" 30899 30370 29218 29452 28539 29209 28028 28488 27275 28278 28421 29065 29876 30231 30076 31561 31850 35849 37783 40558 42559 43436 41935 39400 37514 37760 35808 36512 36894 36187 36450 36711 36059 36007 35780 36938 37160 37887 40070 40373 41533 43063 40030 36900 35697 36074 37873 38809 36924 37158 37803
"25" 31748 31140 30288 29116 29425 28449 29081 27827 28316 27226 28318 28485 29058 29912 30240 30107 31420 31824 35768 37636 40511 42409 43331 42085 39449 37480 37520 35730 36475 36939 36248 36405 36593 36067 36022 35759 37018 37225 37913 39956 40324 41574 43143 40183 37098 35835 36383 38097 38986 37154 37318
"26" 31902 31767 31014 30220 29154 29384 28394 28919 27641 28252 27213 28159 28471 29101 29943 30222 30053 31431 31806 35664 37593 40639 42270 43431 42081 39367 37251 37527 35700 36475 36936 36205 36345 36549 36048 35998 35809 37077 37206 37827 39948 40363 41675 43185 40257 37234 36115 36666 38226 39179 37292
"27" 31361 31947 31616 30902 30209 29114 29255 28205 28762 27621 28271 27135 28171 28566 29095 29896 30237 30002 31426 31747 35629 37771 40578 42329 43416 42086 39228 37220 37545 35658 36503 36883 36101 36288 36510 36011 36041 35888 37070 37135 37786 40012 40431 41702 43239 40394 37514 36367 36815 38342 39273
"28" 33987 31211 31834 31509 30924 30180 29011 29099 28115 28731 27622 28078 27183 28236 28586 29090 29778 30211 29976 31319 31776 35545 37744 40631 42342 43396 41904 39202 37255 37561 35735 36461 36801 36113 36220 36524 36036 36079 35934 37036 37125 37878 40045 40534 41820 43351 40669 37683 36471 36900 38379
"29" 34855 33399 31092 31786 31521 30909 30073 28833 28947 28072 28739 27550 28094 27210 28257 28561 29100 29793 30208 29917 31317 31962 35530 37812 40597 42303 43184 41910 39254 37255 37590 35735 36413 36752 36059 36217 36579 36063 36092 35891 37001 37177 37981 40179 40634 41876 43619 40800 37803 36606 37042
"30" 30424 35033 33295 30986 31781 31497 30812 29906 28716 28929 28058 28686 27579 28133 27201 28278 28376 29085 29786 30123 29882 31280 31933 35637 37837 40635 42183 43166 41896 39259 37305 37520 35671 36373 36701 36068 36269 36618 36111 36064 35896 37075 37237 38048 40289 40723 42203 43791 40921 37860 36672
"31" 31594 30025 34926 33226 30992 31730 31388 30672 29750 28666 28913 27941 28719 27599 28114 27201 28286 28385 29086 29752 30120 30035 31248 31984 35647 37827 40524 42158 43172 41952 39257 37285 37437 35634 36320 36688 36122 36259 36657 36054 36086 35915 37180 37294 38113 40349 41046 42389 43805 40943 37956
"32" 30498 31363 29932 34869 33167 30932 31679 31266 30524 29735 28686 28919 27945 28728 27613 28104 27212 28269 28377 29086 29748 30228 30036 31337 32044 36604 37702 40498 42164 43206 41959 39219 37171 37406 35596 36339 36708 36132 36287 36661 36005 36157 36010 37281 37419 38205 40639 41197 42458 43860 41039
"33" 31146 30197 31210 29868 34842 33124 30896 31564 31156 30477 29738 28567 28955 27950 28696 27609 28037 27198 28264 28332 29081 29889 30227 30079 31342 31984 35525 37690 40484 42186 43249 41914 39196 37134 37366 35612 36339 36751 36157 36279 36657 36060 36232 36047 37356 37456 38476 40799 41355 42536 43908
"34" 30894 30380 30121 31160 29840 34800 33081 30800 31422 31093 30455 29702 28582 28971 27938 28704 27668 28040 27204 28194 28306 29034 29845 30235 30100 31324 31928 35512 37700 40519 42158 43193 41857 39140 37095 37342 35632 36370 36763 36112 36250 36709 36125 36323 36097 37424 37697 38574 40881 41450 42599
"35" 31815 30189 30283 30054 31131 29796 34707 32972 30660 31375 31043 30285 29734 28571 28948 27926 28505 27646 28010 27179 28219 28333 29030 29884 30219 30039 31255 31889 35512 37706 40493 42117 43108 41788 39134 37075 37332 35639 36388 36711 36082 36239 36786 36196 36382 36203 37671 37838 38673 40953 41495
"36" 32308 32054 30095 30212 30000 31076 29737 34604 32847 30603 31331 31016 30272 29765 28553 28942 27875 28487 27631 27994 27203 28277 28330 29037 29869 30186 29971 31237 31912 35518 37715 40434 42070 43041 41741 39115 37107 37318 35660 36363 36718 36134 36279 36850 36247 36464 36439 37802 37909 38726 40969
"37" 32370 31786 31952 30031 30183 29951 31006 29681 34493 32796 30578 31249 31010 30263 29735 28560 28839 27830 28468 27581 27977 27254 28222 28339 29015 29855 30087 29930 31236 31921 35499 37662 40378 42010 43053 41736 39096 37124 37342 35626 36363 36709 36170 36323 36904 36298 36679 36534 37861 37937 38753
"38" 31921 32345 31699 31877 29977 30140 29893 30884 29589 34423 32744 30482 31237 30976 30208 29705 28670 28835 27795 28432 27560 27982 27227 28215 28326 28999 29785 30093 29952 31219 31905 35452 37610 40321 41990 43025 41710 39092 37112 37329 35588 36352 36743 36170 36380 36923 36481 36758 36584 37918 37997
"39" 31947 31530 32249 31617 31824 29910 30082 29780 30791 29508 34390 32842 30459 31222 30957 30204 29645 28643 28780 27736 28402 27637 27948 27215 28189 28283 28920 29763 30092 29914 31214 31864 35420 37536 40279 41938 42970 41705 39054 37064 37296 35582 36369 36769 36190 36425 37081 36548 36776 36615 37936
"40" 32151 31818 31411 32167 31524 31787 29858 29989 29674 30719 29460 34308 32795 30423 31175 30903 30189 29613 28590 28732 27705 28330 27588 27922 27192 28143 28185 28883 29727 30059 29901 31155 31781 35350 37487 40222 41884 42935 41680 39011 37055 37247 35580 36370 36781 36225 36573 37104 36569 36791 36617
"41" 31524 32585 31711 31339 32091 31456 31700 29789 29912 29625 30670 29361 34281 32742 30371 31152 30826 30139 29557 28540 28704 27721 28300 27568 27888 27145 28088 28155 28871 29682 30032 29854 31081 31732 35304 37442 40150 41842 42913 41626 38950 37035 37205 35558 36348 36765 36407 36576 37085 36588 36790
"42" 30707 31260 32478 31614 31262 32025 31362 31595 29664 29861 29568 30593 29309 34254 32700 30331 31124 30772 30067 29507 28509 28629 27676 28248 27514 27835 27069 28040 28117 28831 29655 29965 29801 31024 31690 35228 37393 40109 41785 42845 41583 38929 37018 37210 35530 36333 36892 36424 36590 37093 36579
"43" 29842 30287 31174 32383 31548 31178 31936 31252 31491 29585 29800 29572 30521 29268 34198 32652 30307 31068 30713 29997 29447 28501 28571 27650 28182 27460 27749 27017 27997 28070 28766 29594 29893 29738 30965 31648 35166 37330 40053 41692 42758 41519 38879 36973 37175 35528 36398 36875 36384 36591 37060
"44" 29426 29790 30169 31071 32314 31456 31099 31837 31147 31410 29516 29695 29495 30454 29206 34113 32604 30242 30976 30614 29952 29432 28446 28527 27562 28115 27370 27683 26967 27950 28012 28700 29516 29800 29675 30909 31605 35091 37260 39946 41569 42717 41479 38833 36936 37128 35585 36389 36847 36349 36551
"45" 29003 29260 29689 30047 30980 32202 31354 31004 31723 31079 31322 29484 29621 29447 30358 29146 33819 32531 30177 30896 30542 29818 29359 28408 28440 27466 28000 27296 27617 26900 27880 27919 28604 29440 29720 29622 30837 31545 35020 37172 39848 41484 42647 41444 38832 36893 37173 35541 36341 36802 36295
"46" 28675 29207 29151 29590 29937 30870 32087 31229 30915 31603 30999 31100 29401 29539 29387 30286 28915 33725 32428 30079 30813 30491 29745 29293 28296 28357 27358 27892 27241 27523 26858 27759 27853 28519 29381 29656 29542 30775 31484 34925 37063 39753 41449 42562 41356 38765 36934 37161 35523 36284 36739
"47" 28221 28065 29092 29059 29478 29836 30763 31945 31098 30765 31522 30918 30997 29315 29479 29321 30128 28832 33599 32325 29987 30784 30406 29675 29178 28173 28251 27272 27823 27154 27454 26760 27663 27779 28429 29296 29586 29447 30685 31382 34853 36968 39671 41357 42487 41264 38757 36892 37122 35476 36191
"48" 27755 28145 27931 28965 28947 29355 29696 30649 31823 30994 30659 31317 30825 30902 29214 29383 29244 30039 28730 33488 32236 29890 30683 30284 29568 29132 28046 28138 27185 27742 27055 27340 26651 27575 27676 28332 29196 29482 29354 30568 31260 34738 36889 39575 41300 42345 41267 38677 36800 37041 35381
"49" 27228 27251 28016 27813 28848 28810 29243 29557 30533 31706 30882 30535 31228 30731 30794 29115 29241 29148 29930 28624 33368 32251 29754 30581 30150 29426 29001 27955 28078 27101 27633 26941 27219 26551 27459 27570 28224 29085 29374 29254 30469 31181 34619 36779 39477 41179 42311 41172 38575 36739 36924
"50" 26674 27047 27112 27872 27670 28712 28673 29090 29434 30404 31605 30765 30403 31107 30621 30668 29006 29126 29031 29806 28518 33175 32113 29648 30460 30030 29253 28831 27852 27977 26982 27524 26835 27102 26455 27349 27451 28148 28964 29278 29137 30357 31079 34477 36708 39376 41108 42215 41040 38476 36621
"51" 26111 26166 26913 26968 27748 27550 28579 28523 28946 29309 30244 31255 30636 30292 30990 30492 30557 28868 29003 28896 29667 28399 33010 31968 29516 30319 29886 29125 28703 27724 27829 26857 27417 26695 26987 26336 27244 27323 28037 28846 29168 29011 30262 30957 34355 36585 39313 40971 42113 40923 38372
"52" 25501 26631 26012 26794 26805 27611 27401 28404 28364 28819 29146 30244 31120 30513 30150 30850 30415 30404 28730 28869 28777 29408 28252 32839 31837 29374 30138 29760 28994 28585 27592 27694 26725 27271 26558 26846 26191 27104 27160 27897 28706 29051 28895 30140 30824 34235 36481 39149 40803 41969 40799
"53" 25215 24677 26441 25879 26635 26667 27442 27230 28247 28185 28661 28894 30108 30969 30362 30005 30660 30259 30263 28588 28743 28720 29240 28101 32664 31650 29206 29977 29625 28845 28454 27423 27535 26563 27103 26414 26711 26063 26948 27016 27750 28568 28929 28762 30030 30692 34126 36340 39005 40643 41836
"54" 24346 25516 24529 26255 25686 26464 26524 27256 27087 28078 28026 28390 28749 29958 30813 30207 29912 30505 30099 30107 28449 28576 28536 29075 27968 32517 31444 29022 29805 29440 28699 28277 27239 27381 26410 26907 26254 26538 25894 26811 26852 27594 28419 28816 28651 29895 30610 33981 36189 38845 40458
"55" 23282 24204 25314 24344 26085 25541 26298 26345 27067 26906 27899 27945 28223 28593 29760 30650 29843 29737 30322 29915 29943 28222 28409 28367 28927 27754 32310 31235 28840 29601 29262 28518 28084 27058 27225 26241 26722 26095 26369 25704 26614 26709 27438 28265 28667 28492 29818 30476 33823 36030 38651
"56" 22508 23019 23993 25135 24165 25847 25347 26107 26147 26876 26719 27609 27751 28044 28406 29565 30471 29644 29542 30139 29745 29691 28074 28217 28190 28735 27581 32079 31012 28664 29402 29060 28325 27903 26873 27046 26065 26522 25887 26183 25515 26440 26551 27279 28112 28495 28373 29668 30295 33661 35832
"57" 21690 22280 22797 23801 24918 23972 25657 25136 25913 25968 26716 26455 27412 27579 27828 28229 29314 30267 29429 29329 29931 29581 29498 27878 28019 27974 28503 27376 31856 30799 28460 29197 28824 28107 27683 26672 26825 25858 26309 25721 25976 25330 26262 26387 27098 27910 28403 28208 29483 30127 33449
"58" 21081 21297 22088 22614 23603 24689 23781 25455 24925 25697 25766 26573 26266 27207 27367 27591 27999 29092 30029 29223 29117 29568 29373 29306 27633 27798 27737 28286 27149 31620 30541 28225 28954 28598 27873 27484 26447 26618 25641 26085 25511 25734 25117 26069 26180 26902 27758 28232 28017 29311 29954
"59" 20513 20703 21087 21849 22348 23382 24450 23536 25225 24687 25448 25645 26355 26029 26987 27179 27352 27762 28850 29777 28978 28917 29320 29123 29080 27408 27570 27505 28071 26910 31381 30246 27981 28719 28349 27645 27232 26214 26383 25409 25868 25270 25520 24919 25844 25982 26741 27571 28078 27827 29087
"60" 19911 20122 20461 20843 21600 22111 23125 24179 23289 24995 24465 25247 25418 26110 25799 26761 26940 27129 27527 28587 29517 28685 28662 29054 28895 28851 27153 27283 27264 27813 26644 31076 29984 27718 28454 28094 27397 26947 25936 26114 25181 25618 25025 25323 24701 25652 25770 26541 27392 27817 27607
"61" 19389 19432 19872 20222 20585 21335 21863 22864 23902 22988 24721 24061 24984 25140 25848 25547 26491 26661 26886 27254 28332 29224 28422 28367 28775 28596 28554 26876 27023 26984 27531 26363 30770 29704 27451 28146 27800 27114 26694 25680 25867 24946 25377 24793 25053 24438 25437 25543 26328 27169 27579
"62" 18760 19313 19163 19571 19951 20328 21055 21581 22586 23640 22681 24190 23796 24699 24852 25571 25352 26162 26359 26610 26952 28034 28873 28126 28085 28476 28289 28249 26616 26754 26704 27206 26084 30431 29349 27150 27828 27464 26799 26385 25415 25582 24691 25115 24537 24797 24195 25203 25275 26094 26923
"63" 18272 18445 18999 18851 19285 19642 20023 20799 21301 22282 23357 22463 23899 23513 24362 24549 25286 25055 25821 26048 26314 26823 27716 28540 27803 27779 28155 27958 27949 26329 26447 26407 26880 25759 30079 29028 26798 27482 27152 26480 26083 25124 25314 24447 24819 24253 24524 23895 24935 25029 25793
"64" 18120 17963 18121 18688 18569 19028 19339 19721 20497 21006 21969 22840 22181 23569 23226 24025 24290 24958 24686 25458 25723 26065 26481 27382 28158 27464 27429 27798 27611 27611 25933 26102 26064 26523 25421 29693 28664 26437 27122 26833 26151 25744 24810 24985 24123 24512 23958 24210 23580 24597 24693
"65" 17273 17462 17594 17783 18359 18256 18691 18977 19373 20151 20697 21754 22482 21841 23184 22866 23544 23922 24588 24339 25077 25190 25718 26090 26996 27742 27103 27080 27449 27259 27250 25559 25763 25689 26149 25063 29306 28229 26087 26740 26447 25798 25399 24485 24619 23782 24178 23621 23890 23265 24285
"66" 16288 17318 17123 17257 17420 18016 17928 18358 18638 19000 19799 20344 21397 22085 21435 22780 22462 23151 23548 24194 23949 24717 24801 25301 25751 26619 27334 26690 26661 27070 26859 26825 25171 25388 25310 25744 24714 28855 27808 25634 26347 26046 25421 25022 24087 24228 23411 23799 23280 23507 22914
"67" 15328 15456 16918 16769 16852 17049 17634 17582 17954 18231 18632 19510 19968 20978 21658 21038 22337 22018 22742 23131 23765 23610 24302 24372 24896 25344 26177 26853 26283 26218 26670 26443 26402 24769 24984 24913 25320 24308 28364 27322 25181 25924 25653 24991 24600 23647 23838 23010 23352 22899 23115
"68" 14675 15111 15032 16502 16332 16389 16649 17264 17162 17551 17806 18125 19050 19517 20526 21162 20718 21836 21551 22296 22678 23301 23181 23822 23928 24466 24873 25698 26407 25830 25762 26204 25996 25941 24334 24521 24538 24861 23849 27789 26868 24757 25452 25219 24530 24110 23202 23398 22583 22885 22442
"69" 14029 14017 14697 14613 16060 15851 15932 16194 16809 16722 17127 17586 17695 18585 19060 20061 20531 20236 21306 21083 21778 22264 22787 22676 23330 23449 23983 24365 25239 25899 25353 25266 25693 25517 25492 23839 24067 24069 24398 23385 27222 26354 24308 24973 24674 24046 23587 22729 22904 22140 22408
"70" 13153 13513 13559 14207 14156 15537 15375 15436 15698 16331 16232 16583 17137 17218 18056 18521 19476 19980 19713 20776 20539 21191 21782 22246 22176 22785 22970 23426 23831 24676 25350 24812 24729 25168 24999 24945 23329 23541 23568 23908 22889 26651 25787 23809 24445 24114 23474 23043 22253 22385 21659
"71" 12367 12558 13011 13058 13691 13672 14994 14882 14899 15236 15822 15693 16051 16583 16713 17513 17959 18879 19403 19159 20194 19981 20606 21202 21704 21680 22206 22369 22898 23247 24069 24762 24265 24144 24543 24438 24359 22800 22999 23001 23337 22367 26003 25174 23228 23869 23531 22913 22478 21687 21856
"72" 11538 11784 12040 12470 12553 13094 13134 14431 14310 14380 14708 15136 15178 15481 15999 16087 16884 17330 18243 18781 18555 19469 19443 19981 20668 21048 21093 21564 21807 22290 22612 23428 24139 23660 23545 23914 23825 23726 22223 22458 22409 22731 21764 25304 24476 22593 23237 22905 22305 21861 21144
"73" 10927 11058 11203 11507 11887 11982 12593 12581 13817 13739 13747 14086 14542 14583 14913 15410 15464 16212 16666 17577 18121 18122 18851 18807 19393 20033 20424 20412 20956 21179 21617 21953 22757 23487 23005 22900 23214 23186 23062 21610 21826 21749 22116 21135 24539 23778 21953 22560 22259 21718 21227
"74" 10157 10453 10476 10611 10899 11287 11419 12009 11998 13189 13119 13063 13477 13855 13943 14292 14788 14805 15545 16003 16870 17464 17468 18165 18164 18723 19373 19792 19778 20341 20495 20932 21248 22064 22754 22302 22167 22538 22508 22361 21002 21158 21069 21431 20446 23792 23008 21315 21838 21542 21083
"75" 8864 9349 9839 9872 9991 10318 10746 10815 11378 11363 12516 12473 12302 12811 13183 13271 13514 14066 14174 14904 15308 16086 16795 16760 17455 17500 18017 18615 19075 19050 19653 19783 20239 20527 21323 21959 21529 21425 21858 21732 21644 20315 20476 20363 20697 19752 22989 22209 20619 21095 20833
"76" 7835 8241 8781 9213 9208 9342 9668 10163 10154 10691 10679 11740 11850 11626 12074 12452 12424 12829 13371 13480 14239 14608 15378 16055 16009 16685 16758 17224 17894 18333 18304 18924 19035 19441 19701 20560 21185 20760 20636 21014 20914 20833 19525 19732 19544 19900 18959 22085 21402 19853 20312
"77" 7067 7400 7670 8177 8553 8540 8751 9010 9491 9455 9998 10063 10982 11108 10912 11345 11677 11644 12102 12647 12829 13572 13908 14618 15298 15203 15849 15969 16458 17104 17514 17504 18066 18238 18679 18854 19721 20299 19904 19789 20201 20030 20002 18720 18881 18688 19070 18192 21189 20538 19037
"78" 6719 6832 6780 7025 7524 7869 7903 8083 8322 8778 8778 9307 9343 10198 10345 10177 10648 10853 10927 11407 11898 12014 12770 13131 13801 14494 14435 14994 15172 15648 16271 16679 16642 17177 17367 17838 17961 18810 19373 19012 18908 19332 19108 19122 17882 18034 17856 18176 17368 20272 19631
"79" 5990 5656 6219 6161 6403 6891 7272 7274 7401 7663 8073 8048 8604 8612 9424 9549 9430 9791 10063 10217 10680 11241 11267 11995 12352 12946 13622 13564 14179 14358 14790 15393 15783 15784 16306 16474 16944 17016 17853 18441 18044 17914 18388 18185 18099 17009 17116 17000 17316 16538 19285
"80" 5147 5231 5317 5510 5623 5813 6298 6624 6791 6830 7072 7293 7446 7838 7887 8585 8707 8703 9070 9215 9473 9891 10444 10499 11200 11475 12066 12729 12764 13289 13458 13881 14487 14833 14799 15369 15566 15984 16131 16804 17448 17050 17019 17342 17056 17165 16036 16182 16070 16381 15640
"81" 4525 4515 4686 4769 4944 5017 5255 5685 5993 6134 6155 6359 6556 6730 7060 7099 7714 7855 7897 8293 8429 8703 9174 9640 9757 10380 10665 11171 11909 11898 12379 12505 12903 13519 13834 13875 14336 14608 15000 15141 15774 16289 16008 16011 16225 16015 16040 15072 15219 15139 15390
"82" 3712 3984 4017 4106 4216 4352 4480 4701 5034 5305 5471 5473 5695 5845 6024 6295 6347 6905 7064 7178 7542 7701 7965 8408 8792 8917 9574 9786 10399 11009 11005 11444 11560 11945 12560 12868 12934 13293 13630 13975 14099 14700 15160 14952 14812 15108 14898 14910 14067 14235 14134
"83" 3341 3203 3442 3498 3571 3653 3809 3967 4142 4418 4631 4804 4801 4969 5146 5334 5571 5614 6168 6298 6468 6814 6979 7171 7594 7951 8114 8714 8971 9488 10087 10052 10510 10617 10898 11529 11800 11959 12247 12554 12959 13057 13559 13952 13743 13670 13898 13751 13809 13075 13152
"84" 2733 2846 2756 2975 2993 3074 3179 3322 3429 3587 3781 3964 4206 4148 4383 4442 4647 4855 4949 5472 5609 5745 6097 6192 6485 6833 7205 7298 7920 8162 8601 9129 9066 9513 9658 9917 10506 10743 10919 11239 11461 11844 11916 12371 12722 12595 12472 12722 12591 12770 12014
"85" 2079 2314 2397 2313 2521 2539 2622 2705 2817 2934 3051 3214 3400 3618 3555 3774 3803 3979 4257 4307 4785 4921 5086 5391 5470 5781 6096 6376 6565 7120 7333 7686 8194 8157 8502 8737 8897 9474 9718 9836 10152 10353 10720 10731 11148 11486 11384 11289 11521 11505 11630
"86" 1727 1696 1905 2003 1928 2084 2164 2244 2245 2379 2460 2532 2727 2827 3058 3039 3195 3169 3375 3652 3750 4135 4281 4463 4723 4832 5096 5367 5634 5813 6251 6457 6775 7278 7258 7546 7734 7948 8482 8712 8797 9018 9272 9548 9591 9997 10231 10186 10139 10413 10388
"87" 1423 1387 1393 1526 1643 1585 1751 1796 1830 1844 1973 2005 2105 2270 2358 2531 2534 2626 2674 2860 3097 3214 3548 3671 3754 4036 4160 4391 4695 4885 5078 5488 5647 5939 6407 6351 6605 6792 6961 7482 7702 7779 7978 8156 8350 8447 8749 9080 9076 9034 9283
"88" 1162 1125 1083 1094 1200 1285 1309 1407 1442 1454 1492 1586 1662 1706 1843 1898 2081 2038 2144 2252 2399 2616 2682 2971 3114 3173 3442 3472 3781 4013 4210 4396 4733 4886 5121 5505 5436 5719 5882 6051 6556 6664 6782 6992 7021 7221 7272 7687 7891 8025 7919
"89" 882 885 890 839 866 925 1032 1063 1096 1130 1146 1161 1252 1314 1357 1466 1486 1637 1648 1724 1860 1948 2167 2223 2514 2576 2655 2875 2945 3160 3376 3548 3734 4035 4135 4357 4665 4613 4867 5005 5128 5517 5705 5763 5937 6013 6183 6249 6557 6848 6876
"90" 707 662 700 669 648 670 714 813 815 859 886 885 922 957 1013 1050 1164 1153 1286 1308 1382 1523 1569 1721 1816 2033 2114 2171 2376 2429 2569 2760 2915 3127 3342 3435 3629 3937 3889 4052 4225 4281 4680 4713 4777 5013 5025 5203 5328 5626 5778
"91" 474 518 501 514 476 493 504 538 617 613 660 666 674 718 715 768 816 875 907 1018 1035 1086 1221 1253 1383 1458 1630 1644 1754 1909 1985 2067 2228 2390 2544 2739 2797 2971 3235 3196 3326 3502 3554 3813 3872 3919 4147 4124 4354 4439 4695
"92" 292 336 392 358 368 346 376 375 394 448 446 468 495 504 524 534 575 607 662 699 808 821 848 958 988 1075 1167 1247 1322 1372 1547 1547 1626 1785 1874 2022 2151 2270 2389 2593 2542 2668 2811 2874 3043 3132 3084 3375 3298 3544 3545
"93" 232 207 246 273 258 248 248 285 254 274 312 321 335 353 358 384 402 415 464 493 524 587 622 647 706 759 850 861 970 1062 1039 1177 1191 1304 1386 1449 1575 1696 1767 1908 2018 1995 2094 2193 2248 2383 2460 2435 2698 2607 2824
"94" 150 144 145 172 179 180 177 160 199 174 190 230 227 225 272 263 267 294 299 346 350 390 459 486 468 533 590 646 661 740 808 782 877 923 1008 1068 1104 1210 1309 1360 1456 1542 1501 1607 1647 1736 1819 1875 1902 2093 2046
"95" 111 102 94 97 100 118 132 134 116 138 112 129 161 157 148 190 181 189 198 217 247 266 281 340 358 328 396 410 480 493 511 582 570 681 691 750 776 831 912 984 1004 1083 1151 1141 1171 1211 1244 1355 1377 1452 1568
"96" 64 62 65 56 60 64 76 85 90 78 91 80 81 103 108 97 129 117 128 137 146 173 187 212 244 260 220 271 303 363 360 367 422 418 481 500 519 577 629 669 705 738 797 819 820 866 854 909 986 1018 1051
"97" 34 37 38 44 40 37 47 42 57 57 54 59 46 58 65 65 69 75 78 84 103 108 120 138 150 160 175 149 201 210 243 263 249 288 263 330 363 380 424 422 472 487 526 549 561 570 578 590 632 746 718
"98" 19 24 21 24 29 22 21 33 26 33 36 38 37 31 33 39 42 39 51 51 50 74 68 71 90 102 105 119 100 137 141 161 191 182 198 182 219 260 266 300 283 309 331 365 374 389 379 378 390 435 514
"99" 13 11 13 15 13 17 15 13 18 15 15 19 24 22 21 15 23 20 29 29 40 30 54 47 48 58 72 72 85 67 91 96 115 127 98 134 125 138 171 186 211 183 212 230 230 258 249 244 262 252 300
