"1950" "1951" "1952" "1953" "1954" "1955" "1956" "1957" "1958" "1959" "1960" "1961" "1962" "1963" "1964" "1965" "1966" "1967" "1968" "1969" "1970" "1971" "1972" "1973" "1974" "1975" "1976" "1977" "1978" "1979" "1980" "1981" "1982" "1983" "1984" "1985" "1986" "1987" "1988" "1989" "1990" "1991" "1992" "1993" "1994" "1995" "1996" "1997" "1998" "1999" "2000"
"0" 409816 407009 389823 388617 382098 385092 385801 386526 392753 390520 398158 393083 403567 403268 419319 422902 416428 415525 404062 402468 405018 408282 423558 420088 409446 380893 352360 340809 352273 348705 358795 379804 380716 380611 357545 363408 367441 372373 368022 369215 367391 364574 363750 356053 340873 341240 350296 351042 347659 352667 357293
"1" 401455 404400 401008 383943 383617 378388 382888 384908 386502 391631 389673 397661 392073 408497 403369 419075 422334 416120 414656 402803 402556 405337 408201 422753 418536 406549 375590 350264 338587 349689 346270 356357 377283 379267 378662 355314 361077 365417 370554 366405 367711 365377 362443 361165 353442 338305 339111 347254 348855 344561 350923
"2" 399081 401173 404167 399944 382837 383518 379366 384890 387144 387896 392825 391145 399172 398408 410118 404618 419430 422981 416485 414287 402924 404408 406407 408603 422858 417350 406978 379104 353565 341631 352815 349392 359472 380635 382115 380927 357292 363073 367940 373237 369316 369254 367310 364007 362463 354824 339613 340438 348214 350175 346597
"3" 387139 399506 401441 404579 399641 383036 385337 381476 387735 388742 389547 394539 393385 405472 400714 411541 405241 420060 423459 416652 414206 403889 405784 406863 408771 422282 418809 409080 381141 355304 343509 354681 351280 360845 382160 383081 381388 357520 363646 368972 374399 369928 369754 367779 364413 362670 354967 339544 340826 347846 351075
"4" 290249 386879 400129 401928 405209 399966 384530 387973 384143 389510 390312 391446 396849 399463 407516 402578 412221 406051 420453 424283 416904 414654 404378 406617 407201 408459 423674 421315 411377 383294 357593 345788 356913 352973 362415 383818 384236 382036 358178 364602 370345 375255 370830 370424 368584 365184 363130 355294 339819 341486 348981
"5" 283025 290096 387302 400805 402477 405396 401439 386686 391197 385774 391141 392111 393945 403056 401042 409126 403479 413059 406564 421354 425035 417587 414915 404262 407367 407099 410910 425550 423118 412867 385050 359326 347562 359012 355139 364375 385865 385816 383306 359409 366142 371292 376453 371914 371396 369705 366269 363744 356069 340400 342886
"6" 281965 282919 290395 387507 401572 402820 406379 403541 389293 393157 387262 392903 394454 399687 404367 402292 409922 404514 413579 407899 422177 426032 418068 414513 403998 407552 409411 412385 426911 424314 414168 386513 360753 349721 360955 357069 366104 387833 387464 384683 360749 367009 371805 376998 372472 371850 370270 366708 363956 356291 341287
"7" 260935 281866 283254 290538 387460 401880 404143 407753 406051 390855 394971 388898 395160 400128 401128 405409 402877 410817 405185 414627 409124 423213 426975 417953 414024 403327 407091 410320 413259 427564 425216 415058 387517 362366 351130 362075 358221 367265 389321 388691 385667 361183 367595 371816 377215 372582 371896 370427 366900 363939 356839
"8" 238171 260895 282129 283436 290533 387655 403038 405944 409411 407576 392296 396897 390948 400938 401372 402287 405881 403551 411387 406824 415589 410582 424244 427439 417831 413188 407817 407612 410577 413404 427863 425653 415478 388633 363642 352110 362773 359057 368174 390656 389752 386273 362253 368679 372527 378055 373353 372530 371347 367839 365119
"9" 252273 238166 261198 282250 283431 290777 388412 404608 408107 410427 408957 393879 399336 396745 402788 402350 402844 406443 403982 412664 408287 416612 411919 424706 427720 417243 417785 408084 407533 410175 413229 427793 425664 416024 389388 364478 352677 363181 359711 368935 391835 390443 386707 362908 369451 372953 378565 373778 373056 372144 368787
"10" 278848 252237 238647 261335 282236 283827 291586 389454 406488 409395 411345 410459 395836 405433 398253 404254 402794 403473 406792 405411 413803 409919 417656 412851 425164 427683 418673 418069 407992 407064 409728 412905 427523 426269 416540 390054 365230 353285 363730 360520 369834 391965 390610 386438 362982 369574 372720 378466 373709 373232 372545
"11" 280296 278825 252631 238904 261339 282494 285055 292688 390671 407634 410579 412317 412337 402039 407131 399432 404956 403328 403861 408126 406753 415019 411566 418384 413786 425370 427718 419270 418438 407936 406931 409501 412801 428416 426867 416956 390625 365964 353924 364370 361417 370331 392371 390905 386465 363286 369937 372740 378712 374224 373952
"12" 282212 280283 279302 252832 238937 261572 283334 286653 293972 391399 408671 411849 413537 418422 404085 408465 400003 405748 403642 405185 409310 408215 416312 412847 419065 414505 426775 428834 420320 419189 408574 407381 409871 414200 429017 427079 417007 390942 366459 354403 364847 362044 371192 392963 391508 386789 363835 370566 373201 379520 375274
"13" 288083 282163 280747 279546 252824 238975 262408 284466 288577 294754 392050 409766 413437 419536 420330 405700 409093 400646 406243 404856 406390 410525 409666 417285 414074 419515 414625 428424 430517 421894 420775 409921 408533 411260 415638 429583 427278 417117 391367 367140 355032 364799 362370 371585 393213 391730 386693 364042 370924 373617 380195
"14" 290877 287973 282523 280969 279551 252839 239198 263526 285800 289724 295436 392741 411122 419904 421093 421816 406455 409810 401009 406876 405950 407707 411861 410918 418344 415243 422912 416546 430298 432396 423912 422705 411606 409898 413074 417443 430512 427892 417715 392280 368372 354972 365078 362887 372275 393671 392207 386902 364641 371837 374604
"15" 301438 290764 288085 282694 280958 279508 253008 239512 264830 286600 290772 296168 393602 417875 421999 422266 422488 407310 410207 401342 407506 407190 409105 413041 412243 419370 415520 424580 418121 431762 434110 425670 424367 413332 412169 415714 420042 432404 429539 419390 394392 368133 355740 366059 364190 373658 394850 393269 388022 366116 373477
"16" 300343 301212 290972 288085 282654 280831 279593 253268 239871 265578 287319 291857 297076 400335 419056 423601 422779 423251 407787 410452 402025 408667 408543 410429 414367 413637 420539 416764 425592 418933 432720 435199 426790 426729 415779 415063 418837 423315 434895 431898 421816 394287 368519 356809 367359 365745 375216 396049 394866 389480 367975
"17" 315640 300101 301006 290991 287975 282582 280723 279746 253548 240055 266261 288060 293219 302832 400099 419958 424329 423359 423666 407756 411493 403691 410341 410415 412453 416235 412803 421225 417354 425785 419183 433067 435656 429087 428798 417794 417405 421550 426117 437070 433914 423366 394364 369498 358122 368492 366457 376033 396856 395851 390794
"18" 318774 315266 299796 300797 290879 287945 282653 280611 279924 253683 240195 266985 288988 300271 303155 399870 420297 425142 423641 424214 408721 413898 405322 411853 412507 414548 416380 413172 421495 417337 425666 419112 433011 437036 430309 429714 418599 418667 423221 428022 438237 435100 424098 395110 370344 359013 369059 366876 376660 397514 396780
"19" 325553 318370 314544 299541 300600 290781 288218 282770 280492 279997 253794 240335 267875 296507 300229 303347 399631 420672 425561 424067 425270 410444 415601 406759 413718 414782 415302 417170 413858 421846 417711 425973 419427 433424 437370 430561 429556 418321 418832 423893 428804 438504 435065 424067 395425 370383 359043 369101 366741 376672 397774
"20" 310081 325093 317689 314054 299289 300725 290790 288605 282929 280359 280027 253891 240549 275218 296748 300151 303342 399380 420819 426184 424801 426653 411648 416960 408532 415717 417539 416580 418287 414607 422701 418677 426813 419734 433543 437285 430336 428950 417680 418806 424423 428377 438155 434848 423498 395174 369928 358793 368850 366300 376453
"21" 314633 309623 324333 317176 313703 299404 301514 290885 289073 282998 280177 280079 254044 247293 276494 296931 300027 303366 399099 421554 427096 426226 427995 412654 418665 410436 417355 418959 417692 418986 415473 423777 419852 426826 420065 433620 437023 429900 428257 417026 418816 424180 427281 437357 433977 422161 394424 369172 358252 368254 365676
"22" 312760 314094 308708 323783 316809 313901 300060 302650 291027 289293 283006 280003 280177 261271 249490 277494 296901 299889 303293 400442 422835 428854 427479 429094 413907 420332 411707 418415 419543 417730 419235 416008 424436 420223 426619 420025 433220 436337 429215 427451 416429 417881 423314 425738 435720 432019 420233 393154 368099 357351 367052
"23" 320129 312226 313115 308056 323380 316871 314883 300965 303980 291027 289441 283018 279868 286891 264583 251175 277885 296879 299692 304402 402103 424577 430255 428351 430312 414964 417285 412228 418471 418898 417186 418932 415986 424749 421064 426624 420152 433059 436101 429077 427229 415480 416918 422093 423849 433443 429868 418021 392027 367135 355979
"24" 321360 319572 311226 312456 307632 323603 317572 316271 302079 304702 290985 289593 283087 286487 288690 267186 251981 278375 296802 300915 305638 404019 426104 431157 429134 431145 413750 417669 412210 417740 418116 416534 418555 416449 425218 421838 426538 420247 432957 436047 429181 426962 415005 416421 420808 421794 431477 428190 416536 392475 366203
"25" 316871 320824 318655 310533 312028 307902 324642 318584 317917 302680 305379 290957 289874 289681 288662 290119 268422 252892 278640 298004 302253 307481 405888 427043 431879 429552 427863 414247 417956 411933 417391 417715 416277 419699 417718 426277 423135 426976 421021 433574 436931 429328 427563 415500 416367 419784 420423 430338 427446 416165 392414
"26" 321523 316334 319974 317997 310030 312324 309196 326075 319772 318838 303217 306083 290984 296675 292201 290393 290756 269826 253466 279321 299240 304242 308983 407051 427692 432019 429505 429116 415368 418698 412724 418089 418367 418100 421384 419260 427597 424863 427921 422443 435079 438028 430202 429047 416274 416265 419326 419709 430029 427543 416609
"27" 323701 320965 315632 319332 317529 310302 313713 311028 327849 320437 319644 303780 307002 297946 299351 294187 291153 291446 270663 253868 280186 300909 305845 309745 407895 427717 430092 431544 431031 416992 420518 414587 419864 419880 419744 422686 420399 428601 426361 428752 423900 435900 439545 431533 430117 416690 416134 418937 419386 430126 428181
"28" 338857 323114 320270 315117 318840 317683 311564 315618 313224 328847 321002 320509 304512 313770 300311 301422 295094 292020 291819 271100 254531 281361 302354 306662 310273 408173 427134 432262 433543 432766 419060 422709 416849 421324 421542 421409 423972 421717 429784 428229 430047 424601 437309 441444 432700 430933 417203 416244 419132 419505 430968
"29" 344795 338311 322356 319760 314669 319012 318643 313365 317887 314469 329731 321607 321657 311356 315799 302208 302349 296138 292518 292380 271569 255468 282440 303071 307239 310150 409352 428853 433823 434906 434369 420906 424686 418486 423153 423413 423205 425586 423260 431374 430559 431333 426031 439307 443358 433799 431971 417998 416997 419820 420774
"30" 208128 344156 337779 321801 319248 314777 320093 320031 315552 319182 315587 330662 322389 328440 313217 317346 303021 303419 296733 293181 293068 272318 256397 282983 303715 307430 313022 410267 429561 434321 435609 435263 422054 426430 419923 424683 424977 424885 427037 424851 433063 431283 433066 427887 441039 444917 434846 432915 419068 417843 421160
"31" 187104 207749 343492 337309 321294 319270 315904 321620 321708 316783 320331 316741 331883 328855 329857 314672 317980 303956 304041 297148 293988 294064 273039 256766 283397 303968 309239 313577 410544 429486 434451 435962 435832 423051 427804 420861 425728 426247 426248 428216 426255 434147 432502 434721 429329 442279 446205 435597 434042 419944 419061
"32" 165562 186751 207347 342885 336785 321296 320081 317466 323448 322619 317865 321554 318206 338818 329642 330926 315248 318725 304463 304574 297765 294977 294955 273205 257034 283320 304683 309800 313872 410471 429529 434603 436322 436889 423428 428471 421152 426297 426926 427180 429099 426795 435237 433525 435648 429995 442918 446911 436096 434585 420651
"33" 157146 165243 186487 206997 342318 336602 322086 321220 319419 324456 323430 319003 323135 324445 340565 330165 331318 315905 319086 305041 305201 298542 295859 295286 273224 256813 282706 305391 310263 313997 410595 429699 434904 436774 437807 423625 428937 421350 426837 427662 428144 429486 427214 435971 434014 435898 430016 443019 447173 436047 434939
"34" 195746 156811 165036 186203 206625 342110 336854 323255 322655 320491 325350 324296 320477 329116 325815 341895 330197 331762 316196 319375 305684 305922 299193 296173 295447 272759 258845 283437 306030 310569 314295 410813 429975 435239 436885 438343 423477 429223 421352 427201 428259 428247 429921 427614 436514 434032 435830 429851 442977 447232 436212
"35" 301011 195291 156477 164769 185847 206601 342545 337344 324668 323401 321422 326283 325401 326306 330385 326805 342371 330328 331926 316573 319763 306498 306533 299346 296333 295199 271818 259364 283945 306395 310885 314553 411032 430359 435685 437087 438973 423457 429620 421477 427739 428314 428568 430534 428112 436916 434078 435915 429877 443029 447554
"36" 303870 300260 194816 156183 164417 185697 207114 343216 338007 325379 323975 322390 327506 331322 327633 331237 327104 342900 330219 332182 317020 320201 307185 306660 299337 296153 296954 272352 259902 284391 306937 311349 314901 411561 430758 436150 437286 439704 423544 430225 421880 428504 428693 429245 431238 428483 437313 434078 436100 429868 443418
"37" 307705 303120 299532 194420 155835 164320 185986 207875 344186 338226 325961 324557 323651 333175 332313 328564 331384 327437 343081 330803 332560 317634 320573 307350 306656 299030 296872 297380 272774 260301 284924 307481 311829 315078 411772 430814 436210 437161 440132 423305 430581 421908 428822 428603 429219 431184 428212 437086 433548 435742 429766
"38" 291948 306833 302203 298820 193985 155756 164635 186461 208850 344582 338377 326543 325405 329041 333853 332988 328715 331576 327471 342843 331387 333049 318106 320536 307458 306390 300293 297170 297588 273020 260667 285441 308020 311924 315159 411834 430765 436314 437054 440640 423174 430276 422047 429215 428640 429098 431083 427922 436962 433080 435689
"39" 309178 291182 305813 301384 298069 193908 156134 165142 187089 209312 344825 338504 327419 330587 329183 334208 332991 328930 331498 327450 342660 332104 333346 318129 320385 307266 304457 300467 297227 297508 273129 260911 285814 307767 311969 315156 411802 430674 436314 437007 441163 423399 430292 422327 429650 428585 429017 431073 427813 436868 433229
"40" 309691 308308 290331 304897 300582 297736 194394 156709 165789 187355 209656 345042 338832 332552 330819 329145 334143 333056 328905 331466 327407 342484 332714 333350 318037 319932 307423 304465 300325 296890 297287 272996 260938 285721 307323 311765 315019 411660 430448 436255 436765 440809 423543 430246 422388 429762 428317 428754 430914 427541 436833
"41" 312988 308751 307233 289518 304005 300139 297979 195190 157468 166073 187513 210006 345534 343620 332667 330816 328774 333991 332846 328562 331409 327326 342231 332924 333281 317651 319739 307212 304244 299982 296434 296889 272788 260298 285346 306545 311294 314568 411246 430003 435942 436318 440204 423396 429822 422122 429492 427830 428241 430416 427176
"42" 306105 311925 307724 306220 288643 303559 300283 298497 196180 157808 166273 187674 210539 350672 343273 332577 330450 328408 333658 332490 328219 331393 327222 341671 333052 332938 317188 319317 306998 303947 299607 295994 296473 272392 259275 284566 305402 310483 313754 410481 429179 435309 435857 439721 423198 429357 421719 429181 427297 427711 430050
"43" 309775 305073 310870 306717 305208 288034 303783 300724 299228 196641 158035 166512 187958 214324 351051 342867 332123 330064 327883 333313 332185 327968 331302 326807 341061 332924 331014 316595 318827 306597 303640 299240 295541 295754 271950 258225 283786 304260 309665 312974 409772 428583 434387 435139 438835 422593 428467 420950 428570 426422 427075
"44" 307568 308646 304036 309717 305614 304468 287818 304311 301331 299342 196924 158297 166860 191663 214516 351202 342166 331699 329507 327435 333012 331880 327574 330905 326276 340214 333202 330198 315837 318103 306081 303160 298752 294686 294971 271436 257142 282899 303103 308836 312173 409118 427879 433461 434363 437834 421861 427537 420189 427895 425758
"45" 308738 306357 307391 302906 308557 304758 304280 287762 304984 301385 299405 197235 158662 170191 191388 214534 350684 341441 331122 328753 326951 332710 331500 326871 330460 325576 336804 332287 329259 314864 317331 305473 302609 297957 294064 294393 271224 256302 282316 302169 308299 311623 408598 427406 432778 433715 437014 421325 426798 419598 427420
"46" 306206 307405 305020 306132 301651 307600 304227 304285 287825 305130 301255 299384 197788 161931 170118 191000 214194 350173 340525 330682 328074 326492 332303 330856 326134 329717 324852 335843 331203 328124 313805 316408 304758 302337 297447 293734 294165 271348 255854 282074 301659 308194 311002 407982 426703 431900 432861 435986 420626 425923 418978
"47" 309541 304765 305942 303638 304784 300476 306874 303777 304395 287467 304993 301112 299563 201403 161865 169972 190451 213805 349436 339819 330108 327367 325929 331639 330136 325289 328530 323878 334854 329990 326983 312744 315489 303925 301645 296543 293074 293587 271174 255067 281614 301071 307768 310148 407090 425711 430691 431758 434711 419694 424978
"48" 305102 307979 303161 304543 302163 303457 299317 306218 303476 304020 287033 304857 301136 303618 201315 161669 169565 189895 213282 348373 339057 329590 326569 325216 330971 329355 324123 327397 322806 333757 328824 325747 311627 314387 302840 300670 295381 292109 292709 270726 254073 281146 300594 307407 309438 406139 424759 429605 430791 433605 418904
"49" 294796 303380 306156 301629 302946 300834 302288 298167 305744 302776 303556 286485 304895 304835 302077 201091 161194 169160 189260 212208 347238 338258 328880 325567 324382 330117 327318 322910 326269 321653 332669 327600 324573 310552 313277 301834 299795 294279 291246 291970 270373 253887 280546 299995 306899 308561 405147 423752 428439 429744 432714
"50" 290838 293101 301391 304319 299858 301404 299625 301099 296973 304883 301983 302950 286133 308551 303937 300520 200508 160764 168592 188516 211118 346057 337406 328009 324556 323388 328461 326010 321660 325071 320565 331576 326415 323773 309532 312233 300814 298987 293249 290500 291313 269641 253646 279989 299420 306355 307690 404138 422709 427255 428765
"51" 284789 289024 291107 299501 302392 298254 300050 298454 300006 295746 303860 301122 302493 289389 307648 302818 299010 199931 160191 167906 187683 210025 344769 336393 327099 323320 321503 327172 324709 320334 323878 319452 330473 325047 322801 308357 310987 299663 297983 292095 289614 290427 268867 253298 279267 298673 305727 306680 402990 421565 426248
"52" 284969 282841 286986 289111 297467 300695 296777 298717 297334 298748 294340 302759 300369 306001 288105 306557 301540 297367 199159 159305 167156 186843 208889 343261 335226 325912 322514 320272 325988 323401 319008 322682 318374 329568 323722 321922 307279 309821 298612 297106 291040 288691 289551 268097 252857 278484 297913 305086 305706 401908 420500
"53" 286906 282915 280617 284885 286978 295692 299324 295197 297441 296021 297404 292825 301796 303273 304728 286735 305208 300182 295668 198254 158336 166378 185923 207593 341652 333854 322251 321245 319047 324634 321989 317713 321484 317473 328958 322789 321261 306520 309043 297862 296624 289873 287605 288534 267183 252181 277509 296934 304201 304569 400708
"54" 268760 284590 280504 278410 282637 285094 294173 297996 293580 295948 294528 295920 291399 304818 301565 303293 285192 303763 298673 294545 197238 157378 165578 184897 206261 339842 334059 320969 319982 317785 323284 320502 316417 320446 316376 328254 321695 320487 305637 308138 297066 295479 288929 286649 287632 266345 251688 276695 296139 303499 303794
"55" 270553 266502 282004 278132 276111 280588 283225 292778 296779 291940 294303 293009 294455 293808 303100 299745 301666 283615 302185 297171 293278 196052 156392 164591 183728 204681 336031 332475 319614 318697 316523 321912 319103 315337 319402 315399 327669 320749 319784 304942 307370 295911 294450 287996 285826 286747 265535 251237 275895 295356 302701
"56" 269241 268172 264312 279543 275630 273885 278748 281424 291411 295254 290115 292619 291487 296737 292286 301370 297832 299843 281844 300434 295437 291837 194844 155162 163453 182298 204865 334513 331013 318273 317401 315176 320571 318230 314384 318430 314469 327057 319838 319285 304241 306491 294796 293473 287051 284936 285920 264663 250741 275123 294614
"57" 254817 266726 265779 261972 276757 273343 271760 276953 279550 289718 293467 288183 290956 293442 294861 290678 299230 295881 297985 280321 298449 293634 290307 193505 153821 162121 181725 203872 332958 329487 316894 316059 313836 319072 316838 312904 316930 313056 326059 318388 318231 302912 305540 293596 292295 286074 283917 284859 263708 250114 274351
"58" 250011 252237 263881 263247 259274 274198 271181 269561 275168 277534 287875 291595 286251 292613 291614 292902 288575 297058 293687 295823 278629 296500 291777 288742 192203 152482 161322 180733 202796 331163 327779 315452 314537 312139 317434 315273 311343 315303 311512 324820 316855 316653 301494 304450 292334 291091 285018 282797 283832 262636 249290
"59" 240205 247189 249353 261133 260369 256449 271772 268937 267435 273129 275244 285853 289829 287546 290207 289629 290578 286520 294794 291571 293525 277160 294580 289908 287174 190867 151597 160352 179649 201488 329223 325942 313883 312793 310374 315855 313675 309732 313680 310037 323670 315489 315006 300032 303264 291000 289768 283795 281530 282632 261653
"60" 247574 237196 244206 246436 258002 257406 253442 269175 266604 265094 270842 272749 283765 290958 285106 287512 287037 288098 284056 292418 288948 291207 275478 292490 287856 285352 189724 150598 159376 178463 200133 327224 323858 312134 310728 308614 314051 312000 308119 312056 308503 321841 314184 313476 298572 301971 289649 288404 282594 280285 281487
"61" 240757 244338 234067 241187 243179 254714 254407 250258 266452 264102 262544 268402 270389 284278 288543 282674 284679 284534 285491 281437 289814 286574 288745 273501 290210 285728 283532 188329 149548 158219 177244 198769 325087 321563 310063 308527 306578 311985 310150 306158 310105 306898 320000 312714 311874 297050 300555 288102 286976 281272 279046
"62" 237777 237373 240706 230825 237733 239812 251301 251179 246956 263637 261330 259754 265873 270641 281870 285881 279792 281728 281681 282694 278498 287244 283969 286058 271443 287821 283852 281174 186852 148303 156925 175904 197192 322845 319049 307777 306027 304245 309817 308113 304027 308239 305114 317934 310887 310025 295294 298972 286454 285346 279885
"63" 228908 233968 233596 237152 227202 234226 236213 247488 247866 243743 260430 258306 256914 265786 268581 279147 282772 276843 278517 278603 279542 275562 284312 281161 283213 269233 283685 281129 278591 185201 147033 155604 174467 195684 320622 316636 305656 303669 302045 307728 306207 302023 306059 303218 315622 308940 307856 293287 297246 284659 283741
"64" 228374 224895 229694 229650 233057 223592 230566 232348 243441 244320 240162 257027 255278 256690 263166 266230 275901 279264 273468 275296 275078 276445 272552 281180 278119 280280 267109 280789 278343 275994 183524 145702 154196 172951 194112 318378 314047 303372 301257 299820 305472 304010 299892 303806 301171 313359 306975 305761 291282 295410 282923
"65" 223006 223878 220411 225452 225240 228824 219775 226748 228173 239570 240525 236406 253592 254710 253356 260261 262941 272404 275624 269893 271529 271574 273005 269226 277812 275035 276033 264029 277767 275365 273087 181678 144269 152964 171628 192688 316069 311503 301183 298983 297555 303202 301724 297659 301502 298994 310954 304731 303511 289105 293524
"66" 211912 218436 219105 215930 220712 220814 224277 215634 222535 223934 235182 236412 232376 252542 251423 250010 256605 259588 268408 271718 265851 267763 267887 269309 265655 274265 273169 272496 261010 274580 272294 270183 179695 143156 151694 170223 191203 313738 309017 298943 296584 295553 300626 299179 295258 298937 296463 308256 302392 301065 287043
"67" 209085 206881 213280 214118 210904 215890 216159 219232 211388 218340 219630 230497 232262 230946 248549 247867 245870 252623 255646 264190 266923 261841 263666 263819 265366 261898 271288 269552 269162 257744 271278 269050 267048 177416 141285 149876 168173 189151 310629 305817 296105 293925 293029 297743 296352 292495 296039 293797 305220 299704 298495
"68" 199579 203617 201526 208138 208577 205729 210649 211094 214088 206886 213874 214653 225770 229992 225635 244461 243387 241686 248247 250448 259389 262465 257568 259340 259452 261076 258466 267471 265853 265518 254362 267894 265511 263425 174997 139353 147811 165827 186850 307289 302378 293232 291060 290249 294505 293393 289493 293003 290889 302106 296968
"69" 186702 193652 197756 195896 202281 203063 200223 204985 205714 208837 201963 208837 209776 223134 224617 220247 239386 238803 236780 242627 244524 254539 257440 252890 254583 254801 256366 254485 263454 262020 261738 250680 264121 261613 259521 172300 137217 145596 163421 184349 303754 299345 289873 287828 287153 291104 290164 286351 289734 287902 298947
"70" 182099 180681 187139 191644 189509 196191 196961 194150 198879 200213 203260 196760 203816 206950 217874 219148 214519 234066 233459 231059 236076 238752 249335 252189 247651 249531 250315 251870 250257 258886 257715 257474 246724 260046 257336 255345 169472 134952 143300 160915 181798 300003 295887 286452 284351 283796 287552 286583 282941 286364 284627
"71" 173891 175473 174153 180657 184642 183130 189884 190252 187784 192879 194494 197191 191533 200379 201320 212344 213115 208473 228091 226830 224480 229787 232591 243617 246374 242121 244508 244906 246823 245623 254236 253169 252829 242097 255371 252906 250871 166476 132608 140841 158245 179633 295738 291938 282554 280663 280156 283586 282859 279183 282770
"72" 167396 166879 167969 167423 173348 177957 176358 182712 183154 181412 186292 188157 190897 187460 194581 195471 206095 206863 202014 221240 219361 218165 222972 225977 237235 240207 236616 238501 239423 241376 240672 249021 248162 247812 237222 250630 248100 246194 163506 130219 138407 155757 177218 291159 287759 278317 276558 276269 279462 278825 275291
"73" 162617 159911 158936 160556 159857 166373 170746 168967 175295 176351 174762 179356 181660 186188 181259 188727 188716 199443 200036 195621 213107 212046 211134 215852 218797 230524 232533 230086 232303 233373 235587 235261 243369 242439 242456 232212 245695 243256 241541 160460 127974 135845 152972 174336 286020 283020 273575 271895 271981 274818 274390
"74" 150463 154468 151491 151190 152189 152648 158806 162911 161235 167799 168763 167276 172283 175796 179181 175240 181729 181839 192263 192683 188394 204951 204218 203712 208046 211203 223973 225340 223127 225413 226744 229169 229123 237037 236114 236805 226582 240208 237986 236492 157060 125348 133173 149886 171228 280483 277793 268375 266958 267276 269999
"75" 137838 142026 145349 143450 142424 144341 145118 150370 154906 153508 159925 160772 159795 166139 168066 172174 168108 174522 174284 184197 184397 181167 196571 196002 195854 199872 203272 216159 217929 215538 218109 219753 222219 222334 229914 229334 230444 220664 234515 232138 230984 153337 122543 130223 146449 167806 274330 272028 262924 261504 262121
"76" 124003 129210 132612 136680 134248 134120 136238 136971 141702 146772 145254 151507 152893 153189 157789 160571 164216 160537 166740 166188 175355 176283 173566 187780 187093 187620 192330 195097 208066 209815 207654 210190 211927 214705 214516 222269 221871 223272 214112 228127 225636 225110 149351 119326 126913 142778 163838 267658 265816 256864 255499
"77" 117991 115329 119598 123829 126860 125454 125737 127305 128862 133221 138185 136715 143016 145482 144464 149758 152043 156214 152359 157945 157163 166571 167574 165479 178177 177733 177469 183519 186941 199563 201278 199169 201626 203341 205856 206138 213541 213436 215610 206952 220964 218769 218627 144879 115841 123335 138782 159624 260323 259067 250143
"78" 86780 109061 105790 110758 113836 117789 116422 116675 118567 120642 124381 129086 128056 134991 136086 136044 140875 143767 147503 143166 148242 148459 157197 158442 156866 168190 168624 168343 174785 178115 190494 192052 189988 192500 193952 196937 197215 204525 204780 207549 199407 213714 211769 212005 140182 112360 119496 134524 155156 252678 251628
"79" 88385 79358 99223 96989 100791 104977 108364 106946 108040 109902 111928 114984 120524 119465 125001 127304 126652 131945 134580 137463 133133 138674 139167 147652 148703 147948 159084 158514 159075 165276 169072 180854 182255 180280 182714 184555 187285 187873 195591 195815 199115 191821 205743 204261 204473 135110 108364 115390 129921 150177 244240
"80" 77445.13 78246.79 71686.72 90436.67 88404.53 92669.46 94711 98210 99411 100388 102645 101992 107720 110731 110591 114607 116741.26 116720 121164.35 122553.26 124654.7 122190.86 129400.76 128890.35 137119.16 139007.51 137362.23 148880.89 149924.05 149274.5 155666.8 157849.8 169661.19 172336.77 170746.14 173610.9 174905.49 178597.57 179305.67 187520.43 187487.72 190163 183420.31 196264.29 195762 196554 129726 104214 111010 124982 144677
"81" 64276.1 69457.43 69600.09 64565.65 80431.56 79708.36 83524 85117 88806 90277 91123 93258 93413 97728 100449 101275 104618 107165.26 106956 110933.35 112478.26 114712.7 112664.86 119372.76 118802.35 126646.16 128604.51 127297.23 138730.89 139463.05 139249.5 145262.8 147248.8 158840.19 161084.77 160262.14 162952.9 164665.49 168548.57 169779.67 177802.43 178027.72 180871 174768.31 187003.29 186814 187903 123758 99645 106330 119590
"82" 57826.72 56843.51 60861.73 61722.8 56591.97 71852.41 71119 73842 76044 79558 81140 81653 84373 83848 87588 90984 91351 94940 97204.26 97111 100597.35 102530.26 104600.7 103048.86 108842.76 108893.35 115797.16 117972.51 117384.23 127740.89 128873.05 128752.5 134239.8 136572.8 147085.19 149946.77 149176.14 151824.9 154372.49 158314.57 159636.67 167409.43 168013.72 171057 165505.31 177536.29 177290 178606 117563 94761 101155
"83" 49983.07 50519.16 48970.96 53250.52 53455.06 49784.05 63016 62089 65183 67374 70514 72057 72941 74528 74162 78489 81100 81994 85117 87095.26 87283 90704.35 92401.26 94565.7 93000.86 98502.76 98497.35 105108.16 107741.51 106993.23 116821.89 118011.05 117631.5 123391.8 124996.8 135550.19 137958.77 137580.14 141071.9 143547.49 147411.57 149032.67 156721.43 157787.72 160468 155973.31 167202.29 166953 168678 110750 89393
"84" 40722.08 43155.61 42934.67 42445.07 45362.86 46397.11 43143 54140 53773 56867 58990 61435 63547 63496 64854 65570 69130 71994 72545 75297 77039.26 77743 80462.35 82554.26 84191.7 83014.86 87970.76 88086.35 94992.16 97032.51 96612.23 105616.89 106497.05 106764.5 111743.8 113937.8 123790.19 126124.77 126536.14 130064.9 132367.49 136403.57 138133.67 145618.43 146682.72 149930 145546.31 156145.29 156218 157954 103512
"85" 33511.22 34565.76 36081.22 36532.81 35567.62 38923.99 39479 36500 46555 46510 49108 50639 53430 54578 54373 56646 56939 60447 62881 63124 65763 67669.26 68187 70931.35 72573.26 74371.7 73270.86 77885.76 78381.35 84683.16 86598.51 86253.23 94198.89 95653.05 95516.5 100666.8 102446.8 111926.19 114656.77 115376.14 118641.9 120987.49 125133.57 127111.67 134004.43 135655.72 138481 134556.31 144633.29 144675 146622
"86" 27357.42 27972.04 28350.53 30184.5 30085.45 29946.86 32678 32891 30661 39357 39541 41484 43337 44905 45918 46725 48356 49159 51878 53925 54483 56954 58367.26 59244 61367.35 63199.26 64672.7 63897.86 68665.76 68921.35 74603.16 76539.51 75767.23 83356.89 84472.05 84879.5 89300.8 91230.8 100765.19 103378.77 103875.14 107218.9 109692.49 113870.57 115371.67 122391.43 123955.72 126628 123233.31 132515.29 132504
"87" 21530.65 22482.38 22551.98 23386.09 24243.25 24981.76 24554 26584 27152 25559 32884 32815 35077 35866 37090 38896 39150 40926 41545 43915 45585 46388 48488 49740.26 50282 52642.35 54286.26 55513.7 55508.86 59316.76 59810.35 64737.16 66234.51 66138.23 72365.89 73876.05 74116.5 78311.8 80984.8 89470.19 91905.77 92689.14 95830.9 98610.49 102003.57 104279.67 110281.43 112031.72 114652 111445.31 119914.29
"88" 16135.83 17423.77 17640.42 18193.72 18358.03 19696.64 20164 19560 21477 22280 20903 26821 27248 28489 29215 30700 32103 32531 33965 34498 36499 38257 38697 40880 41773.26 42233 44260.35 45784.26 47454.7 47188.86 50674.76 50926.35 55119.16 56880.51 56332.23 62421.89 63527.05 63983.5 68463.8 70970.8 78415.19 80810.77 81787.14 84816.9 87206.49 90963.57 92701.67 98201.43 99872.72 102458 99356.31
"89" 12554.28 12727.1 13422.98 14014.37 14001.84 14604.53 15660 15711 15562 17156 18022 16741 21878 21798 22538 23891 24809 26260 26547 27521 28176 29971 31122 31968 33561 34565.26 34770 36435.35 38383.26 39849.7 39746.86 42640.76 42590.35 46513.16 47664.51 47857.23 52768.89 53870.05 54637.5 58943.8 61135.8 67822.19 70168.77 71128.14 73688.9 76559.49 79560.57 81263.67 86370.43 87832.72 90047
"90" 9271.71 9703.67 9469.46 10356.09 10610.66 10915.42 11277 11904 12112 12177 13485 14163 13428 17111 16897 18047 18882 19912 20937 21092 22061 22663 24052 25293 25752 27113 27969.26 28326 29863.35 31570.26 32728.7 32806.86 35028.76 35521.35 38168.16 39518.51 39792.23 43773.89 45312.05 46347.5 49760.8 51882.8 57656.19 60218.77 60912.14 63541.9 66015.49 68391.57 70025.67 74840.43 75769.72
"91" 6090.16 7064.24 7104.16 7244.81 7590.5 8192.33 8289 8396 9031 9277 9449 10297 11144 10277 12880 13271 13964 14808 15556 16278 16560 17428 17768 19179 20012 20352 21464 22233.26 23019 23956.35 25663.26 26392.7 26540.86 28367.76 28611.35 31076.16 31975.51 32578.23 36245.89 37623.05 38406.5 41384.8 43493.8 48411.19 50465.77 51667.14 53781.9 55742.49 58089.57 59448.67 63620.43
"92" 4081.81 4565.83 5008.84 5266.62 5156.37 5634.24 6081 6008 6218 6762 6949 7028 7812 8275 7638 9823 9981 10691 11380 11876 12556 12710 13411 13817 14820 15509 15739 16545 17506.26 18193 18963.35 20219.26 20764.7 21074.86 22378.76 22821.35 24764.16 25532.51 26542.23 29362.89 30469.05 31286.5 33887.8 35879.8 39801.19 41978.77 42900.14 44440.9 46366.49 48254.57 49326.67
"93" 2855.56 2937.57 3160.55 3696.46 3665.28 3769.18 4096 4260 4397 4635 4979 5013 5220 5712 6010 5715 7266 7512 7967 8443 8852 9473 9474 10205 10422 11255 11844 11909 12730 13398.26 14039 14622.35 15578.26 16135.7 16213.86 17446.76 17807.35 19495.16 20244.51 21155.23 23326.89 24142.05 25103.5 27359.8 28846.8 32366.19 34031.77 34942.14 36122.9 37795.49 39236.57
"94" 1778.38 2007.38 1995.38 2265.28 2478.2 2587.13 2658 2821 2978 3171 3281 3495 3654 3687 3997 4448 4135 5452 5532 5728 6232 6520 6830 7051 7473 7702 8314 8662 9048 9550 10206.26 10552 10852.35 11821.26 11941.7 12505.86 13341.76 13509.35 15153.16 15771.51 16284.23 17971.89 18981.05 19756.5 21549.8 22898.8 25716.19 26946.77 27773.14 28624.9 30090.49
"95" 1122.22 1204.25 1361.25 1325.18 1477.12 1692.1 1772 1755 1936 2104 2158 2276 2510 2543 2535 2803 3190 3008 3849 3870 4094 4466 4528 4978 4972 5415 5491 6046 6304 6653 7056 7481.26 7648 8076.35 8705.26 8911.7 9206.86 9838.76 10287.35 11597.16 11917.51 12338.23 13759.89 14550.05 15226.5 16824.8 17683.8 19854.19 20852.77 21529.14 22168.9
"96" 743.16 774.15 739.16 916.13 835.07 967.05 1121 1179 1159 1315 1403 1405 1538 1697 1690 1804 1892 2268 2095 2637 2664 2814 3118 3204 3537 3439 3721 3840 4339 4462 4831 4950 5264.26 5556 5830.35 6347.26 6476.7 6732.86 7210.76 7584.35 8517.16 8773.51 9200.23 10335.89 10915.05 11489.5 12625.8 13337.8 14921.19 15709.77 16295.14
"97" 469.11 482.1 495.1 478.08 558.05 542.03 617 704 778 773 880 886 951 995 1073 1135 1178 1299 1564 1412 1749 1878 1936 2124 2171 2433 2310 2567 2710 3053 3131 3403 3439 3713.26 3859 4142.35 4456.26 4510.7 4879.86 5231.76 5498.35 6073.16 6353.51 6711.23 7518.89 8100.05 8441.5 9248.8 9810.8 10952.19 11524.77
"98" 262.05 295.07 290.07 309.05 295.04 359.02 362 353 425 506 499 558 613 597 607 719 747 772 851 1049 944 1159 1217 1327 1383 1430 1633 1489 1729 1804 2101 2132 2265 2384 2497.26 2697 2796.35 3051.26 3168.7 3388.86 3669.76 3903.35 4314.16 4589.51 4750.23 5421.89 5764.05 6007.5 6631.8 6981.8 7825.19
"99" 163.03 169.03 181.04 170.03 176.02 172.02 226 214 215 293 331 349 375 385 355 402 468 472 492 557 691 647 746 798 873 925 945 1095 960 1123 1206 1428 1412 1524 1587 1696.26 1788 1896.35 2094.26 2190.7 2349.86 2501.76 2674.35 2990.16 3195.51 3373.23 3742.89 3968.05 4178.5 4626.8 4883.8
