"1950" "1951" "1952" "1953" "1954" "1955" "1956" "1957" "1958" "1959" "1960" "1961" "1962" "1963" "1964" "1965" "1966" "1967" "1968" "1969" "1970" "1971" "1972" "1973" "1974" "1975" "1976" "1977" "1978" "1979" "1980" "1981" "1982" "1983" "1984" "1985" "1986" "1987" "1988" "1989" "1990" "1991" "1992" "1993" "1994" "1995" "1996" "1997" "1998" "1999" "2000"
"0" 431965.9 419037.3 400131.95 393027.08 391573.24 408535.83 407854.88 409620 411394.76 409129.23 421887.92 426508.23 428835.5 442529.65 454083.57 479961.79 468992.85 464383.4 449998.08 440952.04 441385.02 425473.75 422301.66 421640.88 416298.73 414263.95 395304.21 373409.62 354891.43 339390.98 321284 305742.12 299675.34 297442.11 288941.75 282591.92 278005.66 266933.87 264776.84 273506.59 269542.12 272144.62 266356.19 273210.89 264396.21 256496.63 253448.21 254541.15 260015.12 256541.56 259284.29
"1" 446597.06 420739.61 404516.11 391462.6 385516.16 386793.5 401504.7 402517.22 402529.37 403437.05 403000.22 413443.76 418633.81 424976.39 437794.94 450039.72 474513.36 465185.54 459820.2 445203.25 436522.13 434786.07 419183.21 422402.82 420865.64 415777.18 413356.84 394736.62 373123.87 354061.28 338374.95 320944.03 305738.54 299487.32 296644.32 288285.25 281795.76 277080.98 266388.62 264409.52 272286.78 268381.37 268473.97 267018.55 272992.68 264119.64 256259.88 253330.64 254160.45 257816.35 254848.69
"2" 443104.76 440594.93 416724.6 401912.28 389604.31 384997.47 385912.97 399198.47 401118.63 400026.75 399828.58 401138.2 409773.93 419620.95 424647.28 436574.23 449151.86 472002.94 464007.24 457753.01 442778.41 434193.22 431177.03 420473.53 423750.97 421356.41 416143.63 413337.74 394881.04 373453.12 353706.13 337801.37 323181.28 305595.27 299604.29 296202.53 287859.75 281304.61 276332.3 266073.37 264220.21 271243.97 267702.16 269374.09 267850.91 272923.47 263967.07 256153.13 253355.07 253946.76 255739.59
"3" 435283.88 440350.24 436583.03 415476.2 400928.13 390100.36 384253.45 385721.36 397402.72 400311.03 398092.12 396862.11 399829.41 409416.47 421100.08 424792.16 435707.52 448589.01 469803.51 463100.93 455905.81 440597.57 432752.23 432310.66 421893.84 425283.13 421945.17 416597.08 413418.63 395128.45 373875.37 353397.12 339801.32 322919.44 305504 299770.27 295785.74 287471.25 280845.45 275643.62 265781.12 264063.89 270476.25 268282.26 270275.22 268707.28 272886.26 263871.5 256043.39 253424.5 253768.06
"4" 354684.71 432024.79 438112.28 435164.29 414663.16 401923.46 389714.12 383724.98 385651.77 395853.51 399747.43 396398.5 394511.33 398874.32 409189.01 422720.21 425053.05 434967.81 448108.16 467700.09 462314.63 454146.61 439104.74 434151.54 433495.3 423419.16 426882.28 422606.93 417101.53 413519.52 395420.87 374308.45 355791.48 340046.62 322669.59 305430.74 299972.24 295417.95 287097.75 280391.29 274988.94 265507.87 263979.74 270818.29 268856.36 271209.34 269606.64 272875.05 263767.93 255984.64 253508.93
"5" 354658.32 357561.63 429561.99 436731.57 433966.97 415712.6 401437.51 389469.89 383289.03 385713.17 394413.29 399269.84 394974.12 393714.58 397969.23 409112.56 424454.34 425393.94 434289.11 447675.3 465647.66 461589.32 452976.4 440364.29 435554.85 434726.93 424954.47 428479.44 423296.69 417634.98 413648.42 395711.97 377116.47 356446.99 340305.93 322452.74 305368.47 300196.21 295033.16 286749.25 279958.14 274320.26 265405.75 264223.56 271153.33 269449.46 272170.47 270486 272875.84 263695.36 255925.9
"6" 369050.45 357778.44 360309.82 428051.6 435491.14 434645.97 415167.81 401061.57 389261.67 382926.57 385867.57 393075.07 398593.4 394193.39 392931.84 397149.14 409062.1 426238.47 425769.83 433649.4 447321.45 463636.24 461169.07 454091.61 441629.83 437019.15 435977.57 426534.79 430105.6 423991.45 418174.43 413770.95 398513.16 377891.93 357094.5 340583.23 322249.89 305304.2 300426.19 294669.37 286383.75 279522.98 273937.08 265987.73 264451.37 271482.38 270043.57 273135.59 271377.36 272887.63 263611.78
"7" 374327.25 369621.1 360169.66 359424.12 426598.82 436100.18 433625.44 414694.53 400729.63 389091.45 382607.1 386070.97 391681.51 396985.64 393449.65 392219.09 396334.04 409071.64 428057.6 426207.72 433050.69 447004.59 462182.97 462066.17 455213.82 442936.38 438477.46 437226.21 428107.1 431746.75 424705.22 418690.37 416184.26 399422.51 378661.39 357770.01 340861.54 322039.04 305269.93 300649.16 294308.58 286040.25 279336.75 274678.99 266560.71 264693.19 271818.42 270656.67 274092.72 272278.72 272893.42
"8" 387363.28 373726.05 369631.99 359293.52 358570.95 426956.01 435019.81 432652.42 414262.25 400430.2 389008.23 382351.64 385776.76 389907.19 395387.89 392755.91 391526.35 395582.95 409111.18 429897.73 426647.61 432453.98 446833.88 463089.65 463010.27 456350.04 444286.93 439952.76 438513.84 429708.42 433398.91 425390.33 421232.4 417318.18 400351.85 379431.85 358441.53 341151.84 321832.19 305225.66 300874.14 293950.79 285928.28 280091.26 275411.9 267143.69 264943 272168.46 271273.77 275070.84 273189.08
"9" 425696.59 387730.96 372586.39 368237.23 358455.24 359212.67 425654.63 433970.46 431706.4 413864.48 400164.76 388941 381632.18 383582 388135.88 393858.13 392083.17 390849.61 394806.86 409135.73 431756.86 427115.49 432105.19 447337.17 464041.33 463963.36 457513.25 445635.47 441446.07 439820.48 431312.73 435037.39 427396.21 423383.13 418444.09 401291.19 380219.3 359124.04 341434.15 321645.34 305185.39 301105.11 293872.72 286798.18 280837.77 276154.81 267731.67 265195.82 272520.51 271886.87 276052.97
"10" 426353.37 425318.34 387403.32 370842.92 366874.28 359079.02 358447.07 424328.75 432904.11 430814.89 413481.7 399949.33 388427.44 379293.97 381389.25 386395.57 392294.38 391462.43 390171.86 394064.77 409171.27 433631.99 427496.38 432730.04 447838.47 465021.02 464924.46 458681.47 446976.02 442949.37 441107.11 432900.36 437768.08 428058.58 425555.85 419582.01 402232.54 381016.76 359813.55 341720.45 321459.49 305154.13 301506.53 294959.21 287668.08 281584.28 276909.72 268308.66 265465.64 272882.55 272516.97
"11" 423415.68 425978.21 424074.12 386115.96 369126.52 367357.11 358300.7 357675.48 423010.88 431905.25 429936.38 413144.93 399573.84 386224.8 376938.76 379218.49 384667.26 390755.62 390804.69 389536.12 393334.67 409221.81 434851.73 427502.99 433358.88 448364.77 465985.7 465854.55 459845.68 448334.57 444435.68 442391.07 435566.25 438110.59 428722.96 427729.58 420718.93 403170.88 381804.22 360492.06 342014.76 321270.65 305367.91 302512.46 296036.7 288532.98 282328.79 277653.63 268896.64 265725.45 273240.59
"12" 400088.66 423084.92 424756.84 421574.46 384845.37 369262.59 366012.54 357513.38 356879.38 421739.01 430891.39 429063.87 412415.44 398609.44 383986.15 374605.55 377062.74 382957.95 389235.86 390154.96 388889.37 392620.58 409246.03 433202.34 427502.6 433983.73 448876.06 466963.38 466810.65 461019.89 449674.11 445923.19 444823.14 435791.65 438462.09 429364.33 429895.3 421860.84 404122.23 382600.68 361183.57 342304.06 321333.82 306604.47 303513.38 297116.19 289417.89 283076.3 278402.54 269485.62 265983.27
"13" 392342.85 399918.08 421824.2 422280.67 419093.07 385121 367544.54 364665.97 356698.58 356130.29 420445.13 429903.54 428104.83 410285.97 397652.04 381802.51 372290.34 374904.99 381244.64 387698.11 389497.22 388199.63 392077.53 409131.49 431548.94 427527.21 434618.57 449381.36 467941.06 467770.74 462175.11 450996.91 448065.01 444913.8 436014.05 438811.59 430007.7 432060.03 423001.76 405061.57 383407.13 361859.08 342629.88 322444.09 307848.03 304526.31 298186.67 290281.79 283829.81 279138.45 270067.6
"14" 404892.13 392210.49 398743.06 419113.34 419830.87 418697.97 383848.88 365854 363303.41 355896.77 355370.19 419161.26 428586.05 426848.47 408136.5 396708.64 379595.86 369944.13 372758.23 379499.33 386144.35 388829.48 387690.13 392336.76 409025.96 429909.54 427519.82 435248.42 449863.65 468884.75 468736.84 463292.75 453011.2 448269.9 444991.46 436232.44 439137.1 430625.08 434227.76 424142.68 405991.92 384194.59 362456.79 343132.01 323555.35 309081.59 305527.24 299248.16 291144.69 284571.32 279876.35
"15" 399386.04 404362.49 391667.56 396048.11 416420.75 419457.75 416203.55 382568.26 364110.96 361953.85 355096.97 354639.09 417632.06 426162.16 425566.12 406022.02 395758.23 377390.22 367596.92 370564.48 377735.01 384573.6 388347.17 387770.37 392583.99 408902.43 428254.14 427519.43 435839.26 450357.95 469826.43 469650.37 465610.01 453021.77 448452.78 445069.13 436432.84 439464.6 431258.45 436368.48 425273.59 406910.26 384865.51 362726 343637.14 324653.61 310317.15 306514.17 300316.65 292014.59 285300.83
"16" 396067.09 399176.9 403370.82 388906.44 393357.3 415798.34 417013.2 413707.13 381261.68 362384.91 360586.29 354312.16 353547.8 415253.98 423662.26 424320.77 403904.55 394812.83 375170.58 365234.71 368381.72 375982.7 383375.47 388590.09 387862.6 392822.22 408735.89 426587.74 427506.04 436449.11 450845.24 470752.73 471842.84 465532.58 453050.35 448613.67 445138.79 436633.24 439798.11 431887.82 438510.21 426364.51 407694.11 385104.07 362988.22 344152.26 325750.88 311525.71 307515.09 301362.14 292874.5
"17" 394391.96 395313.93 398546.82 400105.52 386142.51 392638.23 413103.76 414566.66 411176.69 379980.58 360662.87 359246.73 353297.58 351215.7 412852.91 421190.36 423061.42 401770.08 393886.43 372949.93 362872.49 366179.97 374649.78 383747.44 388847 387966.84 393052.45 408609.36 424922.34 427487.65 437052.95 451310.34 473404.49 471879.93 465447.15 453088.92 448771.56 445219.45 436811.63 440088.61 432517.2 440651.94 427235.41 407953.39 385333.64 363252.44 344652.39 326842.14 312744.27 308504.02 302407.63
"18" 404013.99 393858.33 394289.4 395942.74 396853.71 385320.21 389954.71 410398.69 412077.61 408666.28 378691.47 358939.82 357790.72 351435.69 348857.61 410484.83 418702.46 421766.07 399630.6 392937.03 370719.29 360457.28 364502.12 375145.82 384077.41 389103.91 388041.08 393269.68 408448.83 423247.94 427462.26 437640.69 453965.02 473384.07 471906.03 465353.72 453080.49 448928.45 445300.12 437010.03 440421.12 433118.57 442158.8 427176.74 408227.68 385553.2 363501.65 345121.51 327932.41 313945.83 309481.95
"19" 416999.57 403465.01 393029.52 391651.34 393348.91 395581.73 382560.88 387263.2 407680.12 409618.07 406143.36 377390.36 357275.15 356014.09 349545.8 346503.51 408086.76 416252.56 420488.72 397490.13 391966.62 368487.64 358695.8 365127.51 375669.86 384444.38 389335.82 388115.32 393495.91 408332.3 421580.54 427419.18 440747.84 453958.83 473369.64 471910.13 465254.29 453086.06 449085.34 445360.78 437162.43 440710.62 433690.57 441073.71 427134.07 408480.97 385779.76 363755.87 345591.64 328990.67 315129.39
"20" 398086.49 416389.81 402673.95 390578.53 389018.38 392711.33 392309.29 379840.03 384554.19 404958.04 407147.03 403641.44 376103.14 355745.2 354218.46 347705.91 344146.42 405694.68 413765.66 419201.37 395354.66 391001.22 366822.9 359559.83 365735.9 376194.9 384806.35 389565.73 388220.55 393751.14 408151.76 419884.64 430822.11 440810.29 453962.63 473378.21 471927.22 465173.86 453093.63 449197.23 445423.44 437332.83 441056.48 434222.22 440000.62 427098.41 408722.26 385990.33 363996.09 346055.76 330072.94
"21" 397528.74 396769.59 415507.24 400551.54 388156.56 388332.8 390106.32 389051.9 377055.19 381844.68 402242.48 404686 401589.15 374825.73 354158.26 352452.84 345854.02 341804.32 403290.61 411290.76 417889.01 393199.18 390083.29 367612.54 360416.85 366375.3 376701.94 385160.32 389831.65 388326.79 394007.37 407985.8 422246.78 430852 440879.73 453974.44 473370.78 471955.32 465086.42 453068.21 449351.12 445463.11 437631.35 441800.06 434740.87 438951.53 427045.74 408986.54 386218.89 364245.3 346540.89
"22" 399290.94 396573.43 395352.97 413126.56 398447 387671.78 385677.44 387532.31 385765.02 374282.34 379135.67 399534.91 402731.43 401303.92 373498.31 352622.32 350685.21 344017.12 339438.23 400897.54 408797.86 416562.66 391589.06 389492 368400.18 361287.87 366996.69 377208.98 385527.29 390095.56 388428.03 394224.09 411551.58 422249.47 430871.9 440952.17 453993.25 473359.35 471990.41 465006.99 453057.78 449494 445648.85 438483.68 442547.64 435287.52 437886.43 426997.08 409249.83 386431.45 364496.52
"23" 400091.28 397890.59 395457.52 393594.05 410766.73 398335.28 385252.67 383058.1 384921.8 382536.64 371501.99 376444.66 397297.65 402719.85 401015.69 372188.89 351105.37 348925.58 342147.23 337077.13 398484.46 406314.96 415465.06 392373.86 388907.72 369214.83 362176.9 367620.08 377727.02 385888.26 390356.47 388509.71 397979.09 411595.14 422275.15 430915.8 441016.61 453991.06 473366.92 471997.51 464904.56 453028.35 449696.95 446464.26 439311.01 443298.21 435813.16 436822.34 426954.41 409487.12 386669.02
"24" 399889.31 398852.67 396429.11 393726.82 391870.24 410471.42 396229.1 382822.06 380422.26 382317.8 379263.26 368728.63 374160.13 396841.47 402727.26 400743.46 370880.47 349567.43 347138.96 340302.34 334729.04 396101.39 404444.18 415200.97 393154.66 388367.43 370031.47 363030.92 368230.47 378253.06 386268.23 390604.83 392099.72 397998.84 411648.7 422272.83 430931.7 441089.05 453975.87 473356.49 472009.61 464803.13 453081.97 450173.82 447265.66 440156.33 444045.79 436328.81 435757.25 426885.75 409741.4
"25" 399853.67 398560.77 397552.33 394667.72 392004.32 392107.86 408122.11 394131.41 380385.96 377828.42 379703.3 375965.88 366727.8 373584.78 396368.28 402772.68 400468.23 369608.05 348041.48 345388.33 338440.45 332349.94 394378.85 405376.84 414904.88 393943.46 387804.14 370831.11 363907.95 368877.87 378769.1 386640.37 394295.35 392060.92 398010.58 411699.26 422287.51 430946.6 441146.49 453980.67 473345.06 472008.7 464756.42 453344.79 450641.7 448047.07 440990.66 444790.37 436852.46 434687.16 426835.08
"26" 400658.43 398647.69 397140.69 395962.39 392922.59 392625.12 390370.72 405778.35 391992.21 377950.37 375190.59 377073.79 373322.29 367538.58 372961.43 395900.1 402793.1 400209 368304.63 346492.54 343640.7 336579.56 330581.49 395567.48 406309.5 414649.79 394729.26 387249.85 371662.75 364769.97 369505.26 379266.58 390056.87 394171.07 392023.11 398036.33 411730.82 422296.2 430969.5 441206.93 453983.48 473272.64 472008.56 465045.11 453620.61 451096.58 448847.48 441803.99 445548.95 437385.11 433615.07
"27" 408222.28 399038.49 397428.93 395363.25 394407.72 393523.04 390908.03 388682.59 403385.1 389922.51 375528.27 372556.75 374916.4 373154.24 368370.36 372374.08 395476.92 402833.52 399922.77 367017.21 344947.6 341850.08 335195.01 331464.29 396752.11 407264.16 414400.7 395523.06 386732.57 372493.39 365649.99 370128.72 382746.12 390150.12 394022.79 391998.3 398079.07 411771.39 422298.88 430968.4 441266.38 453964.29 473237.57 472197.59 465296.8 453864.44 451546.46 449623.88 442653.32 446280.52 437918.76
"28" 394304.69 407075.36 397457.16 396046.77 393587.57 395210.14 391798.68 389177.95 386947.46 401024.37 387851.32 373093.17 370337.58 374362.29 372984.19 369191.15 371767.73 395018.73 402859.93 399660.54 365701.8 343400.65 340544.74 335919.29 332376.09 397957.75 408197.82 414133.61 396296.86 386162.28 373316.04 366498.27 373263.75 382937.02 390245.37 393877.51 391964.5 398093.81 411802.95 422291.56 430957.3 441318.82 453950.02 473234.39 472368.62 465543.49 454108.26 451981.34 450383.29 443494.65 447010.1
"29" 401247.43 392173.04 405942.46 395935.38 394647.85 394585.39 393663.88 390070.35 387459.37 385236.82 398742.63 385762.13 371022.55 369672.17 373781.17 372832.15 370020.93 371174.38 394547.55 402881.35 399349.31 364438.38 342269.51 341308.41 336669.57 333272.89 399147.38 409124.48 413864.52 397080.67 385595.99 374127.86 369795.7 373400.77 383121.92 390319.62 393730.23 391924.69 398115.56 411805.51 422257.25 430941.2 441379.69 454116.71 473227.21 472515.65 465775.19 454323.08 452425.21 451167.7 444326.98
"30" 265733.43 402035.75 390234.57 404650.03 394439.74 396429.2 392787.94 392130.64 388332.03 385779.29 383503.18 396367.9 383950.14 370205.02 368996.76 373249.06 372685.1 370841.71 370549.03 394095.37 402894.77 399058.08 363445.85 342992.1 342068.08 337419.85 334154.7 400314.01 410061.14 413576.43 397868.47 385042.7 377419.39 369946.17 373511.79 383296.82 390376.88 393586.94 391874.89 398127.3 411825.07 422235.93 430922.51 441614.69 454299.39 473228.02 472641.68 465991.88 454588.9 452894.09 451950.1
"31" 214238.47 262426.7 402526.82 388871.6 403417.06 396100.99 395005.89 391032.51 390564.4 386589.71 384084.71 381760.54 394472.19 383050.61 369395.49 368308.36 372685.95 372507.05 371675.49 369933.68 393602.18 402890.19 398707.33 363861.21 343703.7 342836.75 338164.13 335044.5 401494.65 411002.8 413291.34 398605.44 386788.43 377466.07 370089.64 373630.81 383482.71 390433.13 393419.66 391810.08 398122.05 411817.63 422255.08 431127.38 441824.7 454433.07 473177.84 472748.71 466223.57 454845.73 453341.97
"32" 225504.62 213640.84 259503.56 401291.06 387566.93 405429.45 394623.49 393608.62 389259.09 389008.67 384868.39 382366.13 380229.28 394248.37 382165.07 368564.96 367629.95 372122.84 372324.01 372441.27 369308.33 393140 402788.48 398088.15 364237.58 344437.29 343629.42 338899.41 335917.3 402657.28 411937.45 412968.57 401118.71 386404.06 377493.75 370241.12 373761.82 383637.61 390482.38 393234.38 391721.28 398070.79 411775.82 422562.5 431350.25 442033.7 454528.76 473127.66 472910.74 466498.27 455096.55
"33" 279648.22 224581.54 213012.73 258857.95 400075.04 389770.1 404163.27 393107.98 392207.34 387504.67 387430.43 383120.07 380817.15 379530.09 393998.54 381260.53 367761.43 366963.54 371530.72 372137.96 373206.06 368702.98 392744.43 402265.65 397453.97 364644.94 345142.88 344382.08 339604.69 336763.1 403808.91 412816.21 414676.41 400532.12 385969.7 377489.43 370358.59 373839.84 383786.51 390526.63 393043.1 391647.47 397975.1 411825.96 422871.92 431539.12 442219.71 454634.44 473135.47 473075.77 466772.96
"34" 348166.19 279058.26 223710.08 212340.54 258204.73 401287.69 388446.75 402946.16 391560.5 390818.57 385735.75 385822.2 381503.8 379671.09 378825.9 393751.72 380339 366880.9 366244.13 370944.61 371932.91 373967.84 368166.55 392730.82 401743.82 396847.8 365033.3 345832.48 345137.75 340313.96 337618.9 404935.65 415075.72 413961.21 399919.54 385525.33 377524.11 370477.06 373942.86 383946.41 390539.88 392829.82 391468.27 397777.77 411852.1 423142.34 431695.99 442395.71 454759.12 473130.29 473238.8
"35" 361608.27 347245.05 278401.87 223015.41 211668.89 259130.25 400017.76 387084.89 401626.54 390067 389456.79 383926.82 384325.73 380430.08 378572.02 378144.71 393463.9 379414.46 366025.37 365492.73 370320.5 371701.87 374332.28 368071.22 392715.22 401193.99 396215.62 365399.67 346533.07 345881.42 341020.24 338478.33 407363.29 414382.71 413221.01 399271.96 385078.96 377498.79 370559.53 374009.88 384044.3 390553.13 392610.59 391081.35 397554.44 411865.24 423383.77 431864.86 442585.72 454908.81 473143.11
"36" 373993.28 360093.21 346274.53 277387.68 222319.48 212049.67 258481.66 398780.58 385693.54 400332.92 388519.02 388029.02 382234.17 383108.04 379304.36 377455.95 377421.52 393216.08 378459.92 365164.84 364726.32 369697.39 371445.2 372949.75 368002.9 392684.62 400631.16 395563.45 365703.03 347197.67 346608.09 341680.64 340077.91 406607.77 413662.7 412490.81 398617.37 384581.6 377474.46 370634.01 374062.9 384138.2 390480.24 392432.71 390667.43 397305.1 411887.37 423653.19 432030.73 442805.72 455040.49
"37" 366710.34 373024.65 358608.52 344729.58 276360.92 223160.63 211354.22 257804.44 397466.47 384324.2 399003.81 386944.03 386738.91 381002.65 381878.34 378176.64 376305.88 376671.33 392920.26 377490.38 364266.31 363963.91 369151.8 371058.66 371558.21 367897.57 392638.01 400023.33 394899.27 366061.4 347872.26 347288.38 343466.23 339620.44 405871.26 412926.69 411739.61 397921.79 384093.23 377434.14 370720.48 374103.92 384133.87 390233.69 392237.84 390279.5 397019.77 411902.51 423931.61 432203.6 443012.73
"38" 353041.19 365325.7 372022.45 357412.01 343157.35 277531.1 222442.1 210667.21 257074.19 396203.87 382912.34 397677.7 385435.48 386018.67 379731.13 380653.65 377028.93 375167.82 375899.14 392548.44 376426.85 363344.78 363290.98 369130.92 370646.11 370155.68 367775.24 392556.41 399440.5 394236.09 366354.76 348500.52 348400.42 342837.25 339098.96 405132.74 412173.68 410973.4 397219.21 383608.86 377366.82 370752.95 374083.64 383702.24 389932.14 392014.96 389841.58 396713.44 411874.65 424174.03 432386.47
"39" 355760.12 351529 363969.74 370711.06 356192.42 344301.95 276508.36 221731.56 209939.66 256430.93 394938.27 381484.49 396338.24 384278.84 385208.44 378445.62 379357.96 375872.21 373995.75 375079.95 392150.62 375381.31 362546.23 363156.41 369019.03 370216.56 368740.15 367611.92 392477.81 398820.66 393527.92 366635.27 349535.41 347646.75 342156.28 338589.48 404306.23 411368.67 410168.2 396484.62 383064.5 377248.5 370729.89 373745.85 383254.6 389646.6 391779.08 389382.66 396445.11 411847.79 424434.45
"40" 347299.4 354476.76 350097.23 362615.35 369399.75 358157.35 342678.1 275443.65 220949.03 209188.12 255745.68 393627.67 380112.36 394791.88 383014.19 384402.2 377116.1 378119.26 374660.49 372774.68 374231.76 391754.8 374495.69 362513.91 363006.83 368933.15 369738.01 367332.61 367443.59 392393.21 398177.83 392783.61 367834.01 348853.22 346828.09 341518.3 338052 403481.71 410529.66 409327 395731.04 382502.13 377126.91 370522.68 373374.06 382820.97 389340.05 391561.2 388980.73 396187.77 411806.92
"41" 338724.64 346105.55 353206.32 349210.34 361260.19 371413.18 356924.45 341074.83 274322.95 220186.5 208464.57 255029.43 392436.61 378753.98 393172.52 381731.55 383562.96 375773.58 376775.57 373417.77 371536.62 373400.58 391272.95 374332.05 362467.59 362836.25 368775.27 369272.46 365875.08 367253.26 392257.6 397473.99 392791.18 367204.3 348090.02 345985.42 340818.32 337455.53 402614.2 409668.65 408427.8 394969.46 382065 377029.36 370287.47 373003.27 382348.33 388990.5 391311.32 388488.81 395866.44
"42" 321841.3 337288.32 344881.13 351714.05 348301.84 363148.17 370076.84 355660.09 339424.56 273196.79 219402.96 207710.03 254278.43 391850.17 377328.6 391604.16 380376.9 382740.72 374371.07 375401.88 372128.05 370236.55 372645.88 390409.37 374189.42 362416.27 362612.67 368555.39 368719.91 364370.54 367030.94 392021.16 397507.56 391860.32 366526.58 347308.83 345140.76 340090.35 336887.05 401746.68 408804.64 407547.6 394318.18 382276.95 376862.81 370028.26 372607.48 381828.7 388598.96 391000.45 388003.88
"43" 312868.5 320517.75 335837.66 343767.85 350203.58 350497.73 361735.14 368693.03 354321.73 337745.76 272035.09 218594.43 206871.21 253444.36 391248.74 375925.21 389912.8 379022.26 381844.49 372912.55 373956.18 370837.33 369159.39 372157.18 389496.78 373990.78 362321.95 362367.09 368339.51 368129.36 362871.01 366768.67 392483.83 396511.61 390966.45 365797.86 346495.64 344250.1 339303.37 336283.57 400875.17 407875.63 406743.74 394254.35 382440.91 376681.26 369695.04 372201.69 381316.06 388193.41 390697.57
"44" 306550.75 311516.27 319189.86 334464.77 342643.69 351814.98 349530.63 360281.15 367208.73 352964.37 336022.49 270901.39 217778.36 206002.94 252519.29 390625.3 374445.83 388218.44 377625.61 380871.25 371366.03 372469.49 369750.32 368938.75 371653.47 388534.2 373715.14 362211.63 362114.51 368096.63 367545.81 361271.07 367099.05 391492.09 395429.65 389993.58 365086.15 345652.45 343294.43 338439.39 335623.09 399906.65 407006.35 406362.25 394124.51 382591.86 376471.71 369342.83 371766.9 380740.43 387780.86
"45" 298195.78 305290 310151.18 317868.39 333079.33 344552.73 350246.89 348511.55 358804.68 365724.43 351601.52 334227.23 269730.62 216831.36 205069.67 251619.22 389926.87 372878.44 386510.08 376139.97 379768.01 369832.51 371176.1 369556.67 368592.11 371178.77 387520.62 373375.51 362003.3 361829.94 367744.75 366899.92 360109.68 366181.89 390449.35 394314.7 389033.71 364311.43 344749.26 342324.77 337634.42 334895.62 398953.98 406477.87 405977.76 393952.68 382656.81 376215.16 368977.62 371292.1 380160.79
"46" 282127.06 296950.25 303987.93 308821.54 316592.19 334663.45 343410.66 348542.37 347357.99 357284.2 364155.64 350057.66 332506.96 268558.63 215845.35 204133.4 250657.15 389219.43 371271.06 384622.72 374588.32 378681.77 368449.66 370915.62 369330.02 368199.47 370616.06 386503.03 373080.87 361806.98 361475.36 367369.6 366538.87 359155.77 365223.72 389345.61 393162.74 387959.84 363513.71 343831.07 341332.11 336793.44 334259.82 398358.7 405868.39 405459.28 393759.84 382691.76 375946.61 368574.41 370741.31
"47" 281440.5 280594.59 295654.09 302703.72 307517.92 318136.81 333224.83 342079.12 346777.35 346293.91 355697.72 362585.84 348532.66 331021.54 267237.64 214818.34 203130.13 249615.08 388431 369566.67 382666.36 372950.68 377602.04 367922.56 370536.13 368993.36 367780.83 369981.36 385297.45 372696.23 361557.66 361067.35 367138.52 365530.82 358163.86 364205.56 388205.88 391913.79 386831.97 362640 342813.88 340300.44 335977.61 333886.97 397704.43 405219.91 404915.79 393479.01 382674.72 375548.06 368137.2
"48" 272517.08 279956.23 278984.48 294206.71 301360.4 308908.49 316789.84 331558.8 340699.6 344995.84 345094.84 353974.25 360823.08 346796.56 329434.12 265965.65 213722.34 202091.85 248517.02 387486.56 367780.29 380634 371509.46 376427.7 367328.45 370095.65 368637.71 367247.2 369327.65 384131.87 372150.6 361179.14 361206.3 366019.52 364402.77 357159.94 363149.4 386950.14 390688.83 385704.1 361732.28 341785.69 339327.07 335557.89 333470.11 396977.16 404473.44 404327.3 393191.18 382658.67 375213.52
"49" 275313.93 271090.23 278454.07 277710.76 292704.55 302676.01 307480.86 315269.88 329840.29 339244.58 343144.83 343769.77 352207.11 358675.14 344908.46 327783.69 264645.65 212603.33 200984.58 247365.95 386398.13 365911.91 378847.6 370826.85 375097.36 366608.35 369602.17 368131.06 366735.56 368605.95 382847.29 371557.98 361377.46 360154.11 364837.53 363235.73 356074.03 361995.24 385657.4 389358.87 384484.23 360832.56 340868.9 339008.36 335110.16 332976.26 396160.88 403635.96 403727.82 392821.34 382582.62
"50" 266932.1 273860.89 269616.79 277002.56 276387.51 293812.33 301251.57 305873.3 313636.92 328072.25 337783.04 341203.83 342388.44 350161.56 356523.2 343018.36 326085.27 263270.66 211439.33 199834.31 246124.88 385252.69 364215.24 378167.89 370043.24 373765.02 365795.25 368957.69 367584.41 366065.92 367825.24 381500.7 371546.24 360211.49 358994.93 363579.54 362014.68 354943.11 360830.07 384333.66 387950.92 383215.36 359948.84 340515.3 338670.64 334593.44 332440.4 395306.61 402752.48 403008.33 392422.51
"51" 260462.79 265236.62 272314.1 268363.22 275461.24 277538.59 292176.95 299620.67 304173.23 312012.47 326234.25 336190.51 339344.3 340912.62 348025 354249.27 340884.26 324273.85 261746.67 210176.32 198589.04 244913.81 383938.02 363318.5 377454.18 369173.63 372332.68 364881.14 368273.21 366954.76 365335.28 366923.54 380084.25 370225.91 358984.51 357798.74 362274.54 360793.64 353745.2 359604.91 382857.92 386588.96 382054.47 359578.06 340098.71 338216.93 334007.71 331895.55 394405.33 401899 402290.84
"52" 259681.57 258624.11 263333.85 270752.53 267049.49 276394.58 276071.18 290410.63 297855.3 302437.67 310247.01 324260.24 334653.71 338081.68 339305.8 345753.44 351854.33 338866.16 322398.43 260138.68 208893.31 197304.77 243691.55 382135.08 362346.76 376721.48 368203.02 370791.34 363956.04 367515.73 366248.11 364582.65 365825.52 378572.93 368817.58 357710.53 356555.56 360915.55 359462.59 352451.28 358319.75 381460.18 385238.23 381579.91 359148.28 339684.11 337729.21 333388.98 331288.69 393406.06 400940.52
"53" 254393.16 257606.46 256794.09 261594.62 269114.11 268108.7 274746 274460.31 288518.34 296179.93 300558.6 308456.54 322488.76 333478.13 336633.07 337645.98 343469.88 349462.4 336641.06 320390 258401.69 207551.31 196103.94 242744.71 380227.14 361298.02 375844.77 367138.41 369238 363013.94 366661.25 365523.09 363576.81 364305.22 376952.61 367349.24 356402.55 355207.37 359466.56 358061.54 351074.37 356957.59 380045.44 384505.14 380964.34 358618.51 339136.52 337202.5 332705.26 330584.84 392411.78
"54" 246375.3 252397.99 255553.55 254950.95 259679.66 269641.44 266763.67 272878.5 272808.46 286617.55 294383.07 298636.54 306710.71 321423.81 332131.54 335196.45 335852.16 341007.32 346892.46 334221.96 318292.58 256689.7 206247.76 195265.63 241745.87 378303.19 360092.28 374821.06 366030.8 367608.66 361955.83 365768.77 364110.16 361917.75 362551.92 375338.29 365736.91 354950.57 353805.19 357915.57 356643.5 349639.46 355616.99 379036.89 383713.05 380334.78 358020.73 338563.92 336629.78 331971.53 329877.98
"55" 236485.59 244568.02 250307.73 253540.96 253037.86 260142.25 267907.55 265052.17 270965.02 271136.6 284616.76 292384.21 296869.93 305505.22 320220.87 330816.96 333579.84 333943.33 338468.76 344229.52 331640.86 316141.16 255006.43 205398.3 194431.33 240709.03 376176.25 358900.54 373763.36 364832.19 365828.32 360709.73 364572.63 362288.04 360052.69 360734.62 373555.97 364020.57 353416.59 352318 356339.57 355081.45 348174.25 354517.63 377890.33 382794.96 379624.22 357338.95 337944.33 335959.07 331193.81
"56" 231831.71 234223.66 242644.57 248019.1 251496.19 253320.69 258227.94 265957.69 263368.19 269014.04 269315.22 282512.97 290508 295644.83 304097.74 318946.92 329402.37 331915.23 331878.51 335769.2 341211.59 329110.76 314036.35 253927.37 204427.83 193435.03 239538.2 373893.31 357510.79 372648.65 363527.58 363866.13 359223.15 362575.69 360280.91 358189.63 358828.32 371657.65 362271.24 351812.61 350706.82 354679.58 353533.17 347007.81 353323.27 376730.77 381797.88 378873.65 356622.17 337108.73 335185.35
"57" 226239.7 229501.61 231845.35 240285.64 245612.4 251400.09 251242.48 255881.24 263770.33 261648.71 266933.58 267304.84 280549.63 289107.3 294213.73 302649.26 317520.97 327750.78 330025.61 329579.69 332785.64 338148.65 326664.29 312480.58 252678.32 203407.36 192385.72 238239.36 371543.36 355951.05 371390.94 362091.98 361514.19 357148.49 360530.76 358197.78 356257.57 356787.02 369635.32 360395.91 350142.64 349051.63 353124.14 352471.52 345770.38 352058.91 375472.21 380755.79 377989.09 355821.39 336324.14
"58" 220139.39 223873.59 227059.62 229618.4 237825.08 245402.59 249124.13 248860.34 253553.09 261633.97 259683.22 264604.12 265429.63 279203.74 287606.6 292635.63 300965.77 315967.02 325926.2 327840 327026.87 329802.08 335300.75 324947.42 310838.8 251381.26 202326.9 191316.42 236849.52 369149.42 354383.31 369936.06 359951.51 359179.78 354851.84 358374.83 355935.65 354115.51 354660.72 367553 358448.57 348313.66 347316.76 351806.68 351265.87 344475.94 350633.55 374119.66 379653.7 377000.53 354987.61
"59" 214912.99 217886.18 221334.26 224836.47 227326.16 237293.06 242841.72 246552.27 246341.7 251180.95 259378.61 257586.74 262371.98 263922.8 277671.85 286003.9 290850.53 299189.29 314129.08 323825.61 325487.39 324553.05 326885.48 333315.93 323032.55 309109.03 249874.21 201099.43 190211.12 235367.68 366545.48 352553.17 367773.54 357334.05 356669.37 352510.18 356002.9 353642.52 351960.45 352496.43 365431.68 356384.24 346447 345814.4 350438.21 349899.22 343114.51 349048.19 372611.1 378401.61 375967.97
"60" 215446.78 212365 215340.56 218777.56 222531.33 226811.38 234613.11 239788.95 243749.96 243754.08 248587.3 256955.25 255461.92 260698.38 262289.97 276025.96 284124.2 288974.43 297161.81 312056.13 321363.03 322887.77 321694.91 324602.18 331102.1 320915.68 307086.25 248260.15 199812.97 188929.81 233792.84 363692.16 350113.09 364912.15 354631.59 353992.96 349987.52 353520.96 351103.39 349569.39 350261.13 363005.36 354337.66 344772.4 344239.05 348933.74 348451.57 341549.07 347433.83 370993.54 377089.52
"61" 210515.4 212615.64 209565.68 212657.09 216077.6 221857.52 224349.74 231523.2 236724.72 240945.63 241063.44 245722.66 254496.59 253689.79 258874.79 260528.14 274147.07 282146.5 286864.32 295018.32 309547.18 318898.44 320160.99 318594.12 322091.87 328830.27 318669.82 304940.48 246494.1 198396.5 187543.51 232123.43 359941.95 347191.15 361780.76 351827.13 351129.55 347351.86 350896.03 348496.26 347199.33 347823.83 360631.87 352637.33 342963.81 342570.7 347327.27 346906.91 339954.63 345699.47 369305.98
"62" 202473.73 207713.47 209562.46 206488.34 209769.59 215006.85 219169.19 221412.1 228194.83 233540.48 237967.81 238031.8 242767.67 252543.2 251652.66 256922.2 258345.31 272141.18 279932.8 284492.22 292347.84 307013.23 315932.04 316581.9 315353.33 319473.57 326276.45 316195.95 302709.7 244648.04 196952.03 186062.89 229418.75 356408.77 344016.2 358547.36 348840.67 348131.14 344565.2 348051.1 345809.13 344573.27 345366.29 358776.4 350796 341095.22 340658.35 345514.81 345249.26 338219.2 343836.11
"63" 189216.37 199221.71 204531.45 206309.65 203160.88 208472.2 211898.67 215894.09 218152.01 224875.95 230282.74 234664.99 234849.61 239488.28 250299.81 249580.53 254491.61 256210.48 269828.28 277330.1 281652.12 289701.35 303908.11 311721.28 312721.81 311793.53 316514.26 323358.62 313469.08 300164.93 242650.99 195274.13 183427.23 226979.22 352540.59 340671.26 355084.97 345696.21 344941.73 341494.54 345141.17 342885 341697.15 343172.07 356697.92 348722.68 339120.62 338715.99 343516.34 343316.61 336386.76
"64" 186729.71 185742.88 195620.1 200823.84 202714.92 201411.93 205271.95 208403.62 212400.99 215012.45 221356.07 226513 231183.8 231038.9 236082.89 248071.43 247081.41 252051.02 253778.65 267259.39 274250.4 278743.02 286512.37 299325.01 307103.52 308636.72 307991.74 313346.96 320499.79 310694.21 297591.15 240459.11 192423.31 181118.31 224463.69 348595.4 337149.32 351440.58 342268.75 341517.31 338274.88 342027.24 339788.96 339037.14 340738.86 354300.45 346644.35 336910.03 336478.64 341362.87 341420.96
"65" 179346.66 183212.69 181835.88 191732.09 196672.22 200949.12 197944.09 201401.86 204540.15 209006.92 211450.37 217702.18 222571.67 227152.75 226862.19 232372.5 245359.04 244420.28 249195.43 250934.82 263940.5 271174.7 275253.58 281634.49 294358.9 302460.75 304205.63 303987.95 309944.65 317189.97 307603.35 294533.42 236725.48 189998 178615.4 221707.16 344357.22 333394.38 347617.18 338641.29 337910.9 334868.22 338653.92 336855.81 336183.14 338175.64 351776.98 344224.02 334640.44 333976.29 339122.4
"66" 166539.01 175300.74 179192.03 177699.19 187498.67 194376.88 196866.55 193757.76 197213.79 200623.11 205380.33 207625.3 213764.86 218002.15 222610.71 222671.48 228184.11 242504.65 241406.15 245947.84 247599 260798.61 267572.18 270152.92 276623.61 289171.79 297280.99 299383.54 299677.16 306384.35 313774.14 304141.64 289657.62 233305.57 187298.69 176065.49 218719.63 339753.04 329406.43 343521.79 334784.84 334195.49 331372.72 335223.61 333639.65 333142.14 335243.43 348913.51 341678.7 332137.84 331416.94
"67" 159430.37 162361.64 170877.4 174634.29 173350.87 184805.19 190032.02 192313.21 189340.06 193166.74 196556.59 201228.75 203545.31 209182.96 213049.63 218015.66 217929.77 224041.72 239350.26 238004.02 241977.24 244293.17 256984.97 262097.56 264798.26 271207.73 283493.68 291820.23 294299.45 295097.37 302374.04 309899.07 298763.72 285194.42 229673.66 184606.38 173327.57 215692.1 335004.86 325156.49 339202.4 330652.38 330304.62 327965.67 331692.29 330130.5 329763.14 332084.21 346040.04 338817.37 329341.25
"68" 149478.94 155036.17 157712.41 166309.34 169715.37 170322.54 180202.15 184934.79 187279.83 184941.28 188747.72 192020.06 196899.83 198658.65 204140.06 208141.1 212776.61 213055.06 219337.33 235737.87 233943.9 238236.65 240373.93 251239.54 256048.93 259113.61 265435.85 277506.57 286092.47 288966.36 290187.58 297935.87 303890.12 293835.42 280248.21 225806.76 181538.07 170389.66 212527.57 330110.67 320659.55 334613 326317.45 326318.04 324225.63 327893.98 326414.34 326230.13 328702 342723.57 335760.04
"69" 137469.96 144689.82 150185.53 152961.18 161267.65 166324.85 165801.6 174573.83 179385.63 182444.05 180319.45 183854.7 187176.49 191616.82 193411.99 198876.16 202688.58 207510.57 207781.35 214120.94 231222.49 229850.77 233717.35 234385.62 245011.12 249827.3 252873.95 259233.97 271212.46 280012.7 283386.27 284810.7 291566.34 298127.73 288358.12 275167.01 221703.85 178366.76 167468.74 209015.04 324811.49 315797.61 329794.65 322211.74 322070.46 320205.58 323754.66 322463.19 322456.13 325135.78 339216.09
"70" 130113.05 132985.3 139369.74 145138.09 147679.56 157717.66 161092.98 159981.77 168758.59 174122.57 177376.8 175074.63 178956.75 181556.69 185841.81 188079.33 192980.27 196944.06 201670.52 201830.64 208071.55 226863.1 225331.51 227439.71 227800.31 238594.7 243081.68 246535.29 252730.08 264602.35 273637.94 277065.53 277498.27 285689.12 291765.34 282572.82 269634.8 217467.95 175031.45 164176.83 205444.51 319292.31 310587.1 324862.77 317626.02 317416.87 315918.54 319339.34 318092.03 318237.13 321365.56
"71" 122714.93 124825.4 127938.09 134217.05 139557.5 143818.12 152280.09 154839.85 154055.43 163181.26 168629.35 171693.56 169805.9 173416.44 175378.9 180062.8 181840.67 186960.37 190625.54 195223.47 195247.93 202089.16 221750.32 219001.59 220537.06 220919 231492.27 235938.05 239565.63 245834.2 257626.24 266524.93 268973.95 270986.14 279088.91 285265.95 276269.52 263724.59 213002.04 171525.14 160712.92 201589.98 313283.5 305522.92 319591.88 312587.31 312504.29 311274.49 314588.03 313342.88 313825.13
"72" 117076.57 117368.18 118945.62 122332.62 128645.43 135401.06 138362.4 145796.76 148403.27 148372.62 157384.09 162351.13 165744.48 163519.99 167508.13 169279.11 173487.79 175618.01 180473.47 183822.01 187868.42 188647.22 195790.1 213853.04 212168.67 213345.41 213448.69 224067.85 228379.43 232425.97 238636.32 249738.35 257240.09 262161.62 263984.02 272233.7 278249.56 269622.22 257628.39 208268.13 167828.83 157126 197498.48 307549.35 300179.75 313974 307289.6 307170.71 306212.45 309354.71 308285.72
"73" 114963.93 111304.74 111422.37 113128.37 116278.1 124405.84 129667.54 131692.37 139217.61 142129.13 142617.77 150789.92 155891.21 158470.15 156758.09 161535.81 162175.31 166857.77 168881.35 173201.58 176041.49 180658.38 181750.08 188847.96 205440.75 205057.75 205317.77 205552.38 216132.42 220429.8 224839.32 230688.31 240286.64 249853.69 254554.29 256789.89 264759.49 270710.17 262717.92 251176.18 203095.23 163830.52 153341.01 193425.78 301226.2 294258.57 307777.12 301539.88 301470.13 300499.4 303784.39
"74" 104466.06 108649.7 105034.98 105390.23 106800.13 111559.18 118559.5 122841.72 125045.87 132865.97 135709.52 136281.91 144082.76 148363.29 150778.83 150205.18 154822.5 155372.52 159494.76 161555.69 165179.68 168376.97 173219.12 174848.53 181111.82 196637.47 197316.82 197053.12 197402.07 207841 212219.17 216282.34 220839.12 232449.87 241546.29 246762.96 249024.77 256786.28 262937.78 255212.63 244252.98 197672.32 159500.24 149714.74 189010.09 294472.05 287976.39 301355.23 295264.17 295207.55 294572.35
"75" 87511.43 98087.5 101712.6 98564.4 98955.95 101864.72 105520.92 111465.96 115941.52 118505.86 126268.85 128648.92 129697.78 136271.62 140291.37 143207.51 142569.28 148129.19 147964.72 151622.75 153235.03 157306.78 160519.55 165324.31 166996.97 173296.68 186930.19 189214.9 188227.47 188838.76 199143.58 202958.27 205964.7 212743.08 223835.1 233165.89 238216.64 240754.64 248568.06 254689.39 247703.33 236721.77 191819.98 155279.33 145789.47 184053.39 287200.9 281284.22 294468.35 288361.46 288584.96
"76" 80085.78 81907.17 91059.88 94692.7 91689.14 93707.9 95703.23 98438.15 104664.08 109295.31 111979.84 119031.74 121374.3 121862.86 128294.49 132365.45 134828.19 135254.37 140774.87 139548.93 143177.74 145150.37 149203.77 152406.07 156607.49 158973.42 164510.54 176760.9 180590.98 179384.82 180039.45 189437.61 191890.02 197551.83 203762.04 215190.33 224087.49 229259.31 232104.52 239996.85 245996 239413.03 228957.58 186049.85 150687.41 141558.2 178920.7 279357.75 273946.04 286695.46 280937.74
"77" 72937.44 74090.11 75642.76 84129.25 87322.45 86136.67 87441.92 88281.66 91603.29 98174.23 102762.57 104667.82 111868.85 113230.26 113916.95 120483.36 123590.53 126421.86 127415.46 132766.56 130982.13 134823.73 136855.66 141153.64 143626.59 147784.68 150064.87 155320.4 166487.62 171767.06 170092.18 170356.88 177846.59 183106.02 188258.96 194918 205509.56 214600.09 220092.98 222871.39 231025.64 236631.61 230643.21 221377.87 179707.71 145761.5 137078.93 173433 270869.6 265843.87 278404.58
"78" 64445.02 66974.55 67600.48 69357.66 76961.82 81462.31 79607.82 79978.54 81353.31 84986.4 91527.44 95417.84 97522.09 103551.32 104896.21 106163.03 111774.23 115168.61 117513.54 118924.56 124737.25 122282.34 126174.93 128612.93 132145.51 134804.1 138170.87 140913.32 145894.26 155685.33 162689.14 160031.94 159022.56 168636.72 173390.02 179241.08 185329.96 195583.79 204824.69 210326.65 213365.27 221124.43 226762.23 222070.73 213229.16 172945.58 140424.59 132331.65 167345.31 261643.46 257174.69
"79" 56630.62 58773.12 60402.66 61156.27 63021.16 71171.11 74477.11 71851.71 73078.73 74811.45 78436.94 84500.65 88410.68 89397.81 94964.79 96947.17 97790.12 103466.1 106280.69 108045.22 110267.65 116354.93 113806.88 117649.63 119389.21 123266.38 125275.62 128216.05 131597.77 136290.12 144710.05 152721.39 148226.63 149738.92 158278.85 163796.03 169258.21 175428.92 185539.01 194476.3 200304.32 203319.14 210930.64 217312.2 213058.25 204557.45 165901.44 134692.67 127156.38 160902.61 251905.31
"80" 50804.63 51574.59 51203.53 55290.24 54886.78 56405.64 64245.56 68438.32 65209.42 66859.61 70565.14 67552.91 78244.03 79364.36 80894.31 87509.54 87713.38 87973.11 95630.8 96046.99 101691.34 98663.22 106061.88 107810.21 112447.96 113283.65 116118.67 122432.9 126777.27 127374.63 133111.61 134205.94 133683.87 142643.55 139825.94 151112.13 154781.04 162724.75 166829.67 182444.89 185595.96 197825.29 193529.72 207700.49 206908.16 203309.77 195398.73 158547.31 128683.76 121513.11 154033.92
"81" 40631.78 45350.82 45454.22 45117.58 48879.65 49475.48 50387.96 56580.91 61152.63 58515.38 60532.61 63424.14 61133.91 70191.03 71171.36 73410.31 78809.54 79718.38 79766.11 86352.8 87551.99 92710.34 90072.22 97026.88 98110.21 102881.96 103522.65 106293.67 112470.9 116812.27 117553.63 122883.61 121845.44 124166.87 131630.55 130313.94 140643.13 144296.04 152474.75 156519.67 171595.89 174783.96 186493.29 182953.72 196424.49 196263.12 192953.29 185689.02 150611.18 122073.85 115536.84
"82" 35882.6 35764.18 39479.37 39512.51 39238.65 43616.67 43760.7 43809.53 49958.88 54223.65 52191.38 53686.61 56639.14 54208.91 62286.03 63777.36 65458.31 70991.54 71499.38 71194.11 77754.8 78951.99 83615.34 81597.22 87409.88 88818.21 92905.96 93835.65 96720.67 102597.9 106684.27 107322.62 110435.59 111835.44 113598.87 121302.55 120067.94 130060.13 133969.04 141853.75 146146.67 160191.89 163405.96 175038.29 171695.72 184680.49 185128.09 182394.81 175290.31 141835.04 115132.93
"83" 32284.04 31221.7 30642.77 33882.55 33920.1 34451.23 38160.81 37294.19 38158.6 43932.86 47727.65 45676.38 47414.61 49510.14 47412.91 55129.03 56233.36 58099.31 62879.54 62953.38 63426.11 69170.8 70414.99 74862.34 72630.22 78220.88 79150.21 83018.96 84241.65 87420.67 92643.9 96477.27 95403.14 100381.59 100947.44 103725.87 110786.55 109811.94 119777.13 123359.04 131194.75 135026.67 148398.89 151787.96 162672.29 160173.72 172336.49 173468.05 170899.33 164127.6 132766.91
"84" 25923.1 27643.82 26327.46 25817.36 28648.91 29399.39 29748.51 32072.05 32026.67 33015.65 38199.86 41219.65 39772.38 40893.61 42666.14 41513.91 47791.03 49376.36 50870.31 54677.54 55328.38 55814.11 60866.8 62329.99 65458.34 64315.22 68764.88 69799.21 73645.96 75045.65 77990.67 82319.55 84759.16 85900.14 89402.59 91126.44 93621.87 100228.55 99895.94 109151.13 112861.04 120116.75 123854.67 136541.89 139832.96 150297.29 148327.72 159940.49 161157.02 158637.85 152359.88
"85" 20843.33 21903.88 22923.02 21755.55 21358.44 24528.34 25111.63 24551.01 27046.01 27342.14 28409.65 32500.86 35406.65 33642.38 34795.61 36862.14 35533.91 41182.03 42641.36 43613.31 47296.54 48107.38 48410.11 53012.8 53941.99 57010.34 55831.22 59933.88 60920.21 64681.96 66101.65 68563.67 71239.12 75124.16 75662.14 79559.59 80965.44 83473.87 89989.55 89961.94 98729.13 102187.04 108811.75 112653.67 124560.89 127738.96 137708.29 136260.72 146988.49 148100.98 146002.37
"86" 17188.26 17418.87 17778.54 18662.16 17750.77 17947.63 20449.57 20306.97 20367.51 22762 23168.14 23743.65 27317.86 29493.65 27967.38 29509.61 30982.14 30311.91 34917.03 35845.36 37164.31 40384.54 41138.38 41609.11 45165.8 46384.99 48673.34 47920.22 51482.88 52658.21 56183.96 57266.65 58180.83 62201.12 65074.16 66411.14 69877.59 71358.44 74245.87 79837.55 80476.94 88161.13 91368.04 97800.75 101519.67 112392.89 115669.96 124964.29 123559.72 133354.49 134872.95
"87" 12618.64 14005.55 13901.28 14204.12 14955.25 14713.82 14780.98 16244.53 16558.49 16901 18916 19023.14 19790.65 22380.86 24153.65 23357.38 24322.61 25955.14 25245.91 28729.03 30208.36 31198.31 34005.54 34806.38 34684.11 38168.8 38892.99 41018.34 40477.22 43807.88 45010.21 47844.96 48053.05 50051.83 53121.12 56231.16 57165.14 60598.59 62497.44 65055.87 70488.55 70793.94 77749.13 81091.04 87035.75 90379.67 100287.89 103577.96 112035.29 110684.72 119586.49
"88" 9364.94 10200.09 11018.64 10921.76 11108.76 12228.1 11865.63 11413.49 13031.51 13383 13793 15306 15460.14 15819.65 18003.86 19797.65 18899.38 20055.61 21191.14 20321.91 23928.03 25043.36 25901.31 28354.54 28619.38 28775.11 31564.8 32250.99 33917.34 33767.22 36762.88 37667.21 39270.22 40718.05 41915.83 45272.12 47820.16 48806.14 52202.59 53831.44 56503.87 61156.55 61307.94 67875.13 70980.04 76346.75 79669.67 88721.89 91372.96 99070.29 98135.72
"89" 6954.46 7464.87 7857.1 8442.18 8438.98 8844.19 9731.02 8958.52 8961 10368 10749 10845 12266 12055.14 12441.65 14495.86 15696.65 15207.38 16036.61 16813.14 16527.91 19524.03 20379.36 21155.31 22815.54 23327.38 23192.11 25639.8 26224.99 27879.34 27920.22 30279.88 30364.2 32673.22 33412.05 35163.83 37935.12 40188.16 41307.14 44178.59 46021.44 48127.87 52125.55 52706.94 58528.13 61323.04 66146.75 69284.67 77283.89 79421.96 86329.29
"90" 5149.92 5390.93 5623.65 5848.59 6364.37 6579.07 6849.54 7258 6904 6997 8209 8357 8524 9407 9270.14 9917.65 11156.86 12425.65 11938.38 12393.61 13390.14 13169.91 15426.03 16484.36 16531.31 18172.54 18467.38 18370.11 20378.8 20916.99 22393.34 22509.22 23927 24853.2 26281.22 27352.05 28799.83 31118.12 33428.16 34198.14 36919.59 38422.44 40203.87 44008.55 44511.94 49490.13 52369.04 56383.75 59094.67 65847.89 68083.96
"91" 3547.18 3876.39 3957.73 4120.64 4294.22 4894.62 4963.5 4959 5451 5320 5370 6185 6429 6366 7064 7128.14 7519.65 8668.86 9505.65 9013.38 9607.61 10351.14 10322.91 12115.03 12643.36 12828.31 14151.54 14425.38 14298.11 16000.8 16526.99 17514.34 17395 19050 19578.2 21193.22 22005.05 23303.83 25406.12 27253.16 28147.14 30127.59 31536.44 33345.87 36475.55 36878.94 41424.13 44041.04 47189.75 49616.67 55253.89
"92" 2399.51 2673.69 2772.61 2838.66 2958.46 3271.55 3650.04 3478 3625 4068 4013 3976 4610 4781 4676 5422 5264.14 5736.65 6434.86 6964.65 6958.38 7316.61 7890.14 7972.91 9099.03 9686.36 9654.31 10741.54 10920.38 10960.11 12341.8 12707.99 13209 13606 14734 15589.2 16608.22 17384.05 18612.83 20355.12 21922.16 22479.14 24017.59 25531.44 27083.87 29803.55 30088.94 34141.13 36239.04 38734.75 40869.67
"93" 1656.92 1741.97 1883.3 1957.11 2002.32 2197.05 2349.01 2504 2490 2725 2973 2869 2918 3257 3389 3469 3896 3902.14 4230.65 4610.86 5180.65 5156.38 5394.61 5856.14 5838.91 6772.03 7157.36 7172.31 7979.54 8192.38 8318.11 9324.8 9413 10090 10176 11399 11913.2 12943.22 13630.05 14483.83 16051.12 17118.16 17643.14 18949.59 20209.44 21487.87 23838.55 24459.94 27357.13 29061.04 31305.75
"94" 1001.59 1181.41 1198.92 1291.71 1367.66 1444.54 1602.51 1593 1753 1746 1985 2037 2102 2026 2213 2403 2436 2793 2768.14 2994.65 3357.86 3731.65 3737.38 3929.61 4143.14 4271.91 4837.03 5218.36 5137.31 5866.54 5968.38 6046.11 6648 7106 7390 7749 8525 8898.2 9904.22 10378.05 11096.83 12369.12 13242.16 13653.14 14716.59 15623.44 16854.87 18914.55 19287.94 21401.13 22844.04
"95" 597.88 694.08 804.58 765.08 878.73 952.51 1000.01 1066 1080 1229 1265 1346 1405 1433 1340 1553 1641 1729 1943 1859.14 2142.65 2378.86 2626.65 2716.38 2752.61 2891.14 3000.91 3474.03 3658.36 3713.31 4161.54 4255.38 4231 4851 5080 5481 5718 6196 6625.2 7406.22 7847.05 8231.83 9238.12 10023.16 10362.14 11213.59 12002.44 13079.87 14575.55 14737.94 16427.13
"96" 371.76 405.88 457.17 512.68 490.28 588 666.99 640 713 729 868 820 891 914 916 911 990 1147 1166 1326 1300.14 1485.65 1631.86 1827.65 1836.38 1903.61 1958.14 2078.91 2379.03 2552.36 2597.31 2861.54 2933 3006 3327 3648 3876 4093 4451 4782.2 5432.22 5740.05 6036.83 6867.12 7441.16 7554.14 8395.59 9003.44 9782.87 10860.55 11051.94
"97" 245.13 244.76 262.45 277.77 327.85 315.51 392.5 394.5 414 455 468 578 538 576 601 631 598 672 768 761 886 861.14 1007.65 1095.86 1188.65 1212.38 1280.61 1284.14 1394.91 1616.03 1777.36 1732.31 1922 2010 2026 2374 2515 2706 2970 3072 3366.2 3880.22 4109.05 4342.83 4959.12 5421.16 5443.14 6120.59 6409.44 7017.87 7866.55
"98" 141.59 152.63 158.78 157.99 166.91 221.5 197 236.5 236 253 318 282 379 349 359 376 393 387 430 508 512 555 554.14 668.65 677.86 725.65 766.38 845.61 844.14 914.91 1085.03 1174.36 1143 1320 1290 1375 1584 1763 1871 2091 2176 2355.2 2592.22 2879.05 3045.83 3447.12 3836.16 3899.14 4322.59 4475.44 4965.87
"99" 74.4 87.09 95.15 96.31 88.53 103.53 125 97 138 148 154 197 169 232 201 230 238 251 243 272 303 317 351 345.14 405.65 429.86 439.65 451.38 517.61 494.14 599.91 681.03 739 788 836 836 915 1070 1160 1257 1444 1462 1590.2 1742.22 1989.05 2113.83 2350.12 2712.16 2648.14 2964.59 3152.44
