"id","ageatdeath"
1,12.5219307624767
2,18.5068726169049
3,2.09692892802747
4,98.973321304062
5,0.559027895797044
6,4.52692419663072
7,8.91926477663219
8,13.2981198811725
9,72.3742134366018
10,10.082564567727
11,32.3281164037737
12,8.18514188835362
13,8.36744032334536
14,18.7828961437151
15,6.81229108013213
16,10.5560611234978
17,2.63738264027172
18,12.5310535445334
19,7.81916644658405
20,5.27805746826145
21,59.3839927824372
22,26.3635791827667
23,14.1797133492853
24,25.7423121419843
25,26.1452708188744
26,12.5233021746005
27,5.6586552457884
28,3.11029417645046
29,3.48888345398919
30,75.2068817006082
31,12.9226164767416
32,18.5640532610225
33,10.3449972492076
34,4.31132132187486
35,46.416618331987
36,9.01851230070102
37,17.1403597651359
38,8.14535806327927
39,8.04170911158335
40,10.082564567727
41,5.54641397669911
42,50.195810056985
43,34.1331508387498
44,49.4680835725113
45,27.749659514405
46,12.3760355073483
47,18.7885672931271
48,0.633564948569983
49,16.8030178387812
50,20.1042727789584
51,14.6609370873451
52,4.46605654452084
53,5.57829354889691
54,10.9017156444794
55,12.5758947723343
56,31.8925979309402
57,1.11836209494798
58,0.884942613076419
59,12.9545075429912
60,13.4564401857079
61,13.9457338722423
62,3.12993893958628
63,3.57284523561667
64,0.372685263864696
65,23.9141873424613
66,16.6226498514657
67,15.8369608005807
68,5.78712463378906
69,17.8476540454122
70,5.39682839997113
71,9.83649642731915
72,8.43634533848534
73,23.1597482997126
74,6.50694596770754
75,14.9521943286577
76,29.5410694776776
77,7.62029855470073
78,25.2064114193174
79,2.37651945176446
80,11.9346694568719
81,0.71113446727395
82,1.01046572672203
83,34.2578020952364
84,12.8380911631819
85,2.47264253340259
86,12.9312465615095
87,22.8385347301576
88,2.9412038763985
89,1.48153014015406
90,4.4340801644139
91,2.03510350031566
92,11.0593626830251
93,2.47701435396448
94,23.755441200871
95,6.94454956054688
96,3.567731869407
97,9.94555788072658
98,12.8543574013747
99,8.28077717836867
100,28.9496853746407
101,5.39682839997113
102,11.3277274969252
103,3.86193563473505
104,13.4564401857079
105,22.8385347301576
106,25.2045267581718
107,6.59345660067929
108,30.117486034191
109,21.7877256823953
110,3.0174093414098
111,10.4360851455004
112,19.0043529606968
113,27.6484067075628
114,35.70641290741
115,14.3485124054768
116,13.4920709999278
117,5.93110187178162
118,10.3509714729608
119,24.8638947018164
120,7.74187764110875
121,6.04145466502676
122,27.3038931364629
123,48.2668352662206
124,5.88479721453041
125,9.06218199754014
126,26.0902128637511
127,18.1303575857285
128,3.05265525047349
129,6.18160633350648
130,54.4693142059882
131,1.67893264442682
132,7.41316663824597
133,7.55181833128345
134,7.62029855470073
135,0.89674078312405
136,8.13368245963443
137,16.1982170579242
138,24.4348951455752
139,9.14435826564088
140,2.35027450870969
141,5.87568627177422
142,8.70257164114967
143,14.851242608818
144,9.96812955243844
145,13.8471087075748
146,1.52445933131089
147,14.0797452698493
148,10.8782145514371
149,12.3379150779366
150,18.7603517240825
151,11.0593626830251
152,23.1247162620041
153,16.9458202391454
154,15.7198684654179
155,2.09866580553353
156,23.1247162620041
157,4.47451893240213
158,1.74848072044551
159,1.88021960696775
160,12.2005236894516
161,8.86541325411503
162,12.9585736463393
163,21.9831191545661
164,10.7651521485663
165,7.13541182130575
166,9.65005093390002
167,8.4879828686826
168,15.8456151517655
169,19.0507463867518
170,10.2824690375001
171,11.1258810304834
172,35.3914737414627
173,15.5286591904611
174,5.6586552457884
175,10.2272587731005
176,13.9073512881043
177,5.12959588039666
178,5.1351407058537
179,4.22244597460916
180,34.7683782202608
181,6.54102938668762
182,66.3590132652425
183,21.0037722984765
184,10.3524394603074
185,20.078324022794
186,12.9226164767416
187,8.63904909755955
188,9.56567493698454
189,16.6888215457252
190,39.2996711635447
191,11.4788099243814
192,6.43336728926668
193,20.0879272448208
194,16.2616473928737
195,15.6524134530959
196,1.47045990503953
197,18.7603517240825
198,9.77395805823006
199,26.7237763912104
200,8.10025382088497
201,7.17812156397849
202,5.50817259820178
203,8.1818070184804
204,8.09524259995669
205,20.462854720884
206,2.96717104008311
207,14.3528534337308
208,12.2180370949189
209,18.8009165611427
210,5.2328235093501
211,10.2184366201982
212,4.04320171661675
213,1.30138619570062
214,7.25214303429139
215,17.5966515040334
216,4.46263483911753
217,6.54746637213975
218,4.48355048846192
219,44.2393421768284
220,2.47264253340259
221,16.9074483972352
222,2.47558284923434
223,13.8272601813785
224,11.4822827469846
225,1.32571405922723
226,13.6709054896917
227,2.03510350031566
228,3.01282996374649
229,12.3286431582954
230,41.3886568210741
231,1.80323459580541
232,0.298148211091757
233,12.4229273523689
234,2.85590984392911
235,5.35926785342501
236,2.79110676319135
237,4.28386476589367
238,34.6870743930062
239,2.41392747312784
240,38.8255090412679
241,6.65569677203894
242,1.76455188604743
243,37.039133660072
244,4.11339436843991
245,9.94555788072658
246,0.520554478280246
247,120.820318621801
248,23.5798026981268
249,6.60937512495722
250,11.5808948362246
251,4.51924494561974
252,9.62838882347569
253,18.8390031649944
254,20.078324022794
255,40.9558397046944
256,20.9251622667961
257,5.78712463378906
258,2.28472787514329
259,7.5435233535245
260,14.9183368210899
261,7.32924624718726
262,3.0174093414098
263,14.3528534337308
264,22.512422068899
265,46.9008793102062
266,24.9203238810961
267,7.74187764110875
268,9.76041895156132
269,5.7278690985404
270,12.2956205341489
271,29.3328026455193
272,32.306541191854
273,28.3741830362838
274,11.0817665676438
275,12.5310535445334
276,2.5272827167064
277,8.17474929615855
278,5.57829354889691
279,0.780831717420369
280,27.4062416761891
281,5.4498328641057
282,20.1846602785619
283,24.3998508373423
284,6.79038629494607
285,7.59229612568543
286,14.146638114471
287,3.5294446516782
288,11.1306928326376
289,26.9228333609871
290,2.60828244965523
291,1.98857108884084
292,10.7783033046871
293,5.94617651775479
294,15.7198684654179
295,5.26061355462298
296,15.81814750966
297,5.8318015808446
298,11.3683141527032
299,3.91242367448285
300,2.49978183856719
301,20.3342061490861
302,3.09447856154293
303,25.5681469327512
304,9.77442967593513
305,20.8610269321564
306,46.9071443972174
307,8.37006490671842
308,2.10990611221737
309,11.8164277910711
310,18.8638421585014
311,0.713269924744964
312,1.27287147939205
313,5.06690933927894
314,29.0988726897125
315,12.9312465615095
316,4.66544126467569
317,12.421165767553
318,72.4921911730807
319,4.46605654452084
320,8.28195156824593
321,9.2902531693305
322,7.35300969099626
323,6.09623884376059
324,9.82217026602434
325,10.5637434345103
326,4.5261140121147
327,32.1778901774804
328,0.520554478280246
329,5.24666451383382
330,0.891587405931205
331,3.58031718200073
332,15.8369608005807
333,7.97450364195075
334,11.2731403758763
335,26.9970284298736
336,3.42709181271493
337,23.4786201796439
338,7.51542691725085
339,12.654518007728
340,4.47451893240213
341,18.7965803168001
342,31.3276338613334
343,1.68485514447093
344,2.85590984392911
345,9.82119955820963
346,8.37006490671842
347,3.86193563473505
348,18.9161220241892
349,3.49488154671245
350,2.44212420037879
351,7.8569596465677
352,7.70271105878055
353,6.54746637213975
354,3.45967595053662
355,14.865441294387
356,3.31428514806807
357,11.0817665676438
358,10.2824690375001
359,11.1651413613021
360,32.1778901774804
361,3.37793955951929
362,1.00744049530476
363,44.6191351135306
364,6.52070612413809
365,13.9147412102012
366,13.1611919898849
367,5.05400214577094
368,10.4360851455004
369,59.1128813255911
370,11.7331210582077
371,30.7390513353723
372,9.71966930140768
373,2.09866580553353
374,2.3529631011188
375,9.38649684656617
376,17.3863399142708
377,1.67754314242197
378,35.4677287953547
379,23.6451525302365
380,7.71261444082484
381,1.06057124738178
382,4.36068625779175
383,6.41892588231713
384,1.62808280025253
385,16.1477282228495
386,21.4171848544947
387,1.48597900988534
388,2.65181558206677
389,82.1578166628248
390,14.711993036326
391,6.46698198281229
392,2.63738264027172
393,3.70896380010389
394,43.4245280619611
395,17.5991470825226
396,12.6695686404645
397,4.63432276168206
398,9.45314223285685
399,5.36942271888256
400,30.9400887683708
401,20.3633951581982
402,4.43713118135929
403,23.6424971897773
404,3.24010152835399
405,1.59108934924006
406,3.36933476384729
407,10.5454316731067
408,13.9073512881043
409,13.8660349417478
410,18.4434308012234
411,4.75694121420383
412,5.14174296054989
413,1.97811402672207
414,1.07608893974886
415,1.16565381363034
416,5.23332518098378
417,0.594391603954136
418,0.592612056061625
419,19.3261340595954
420,3.44905705749989
421,53.087210612194
422,5.79290345210258
423,23.27909815177
424,9.4289037603885
425,6.5481135106829
426,2.4102639709972
427,52.5094307461912
428,10.3380931813933
429,4.86015229253098
430,0.447222316637635
431,5.94617651775479
432,2.51839896664023
433,2.69546781107783
434,1.34511117468607
435,0.372685263864696
436,6.56529057904959
437,27.5924378807161
438,26.6091028702631
439,9.09465132216255
440,17.7413447473507
441,10.7988113719494
442,1.47045990503953
443,11.7287496698761
444,10.3509714729608
445,3.48888345398919
446,13.2712352196301
447,7.53207490936624
448,21.7877256823953
449,4.22242444939911
450,43.6483090345688
451,15.5264572094412
452,21.5292801505961
453,15.1238468515905
454,4.70783777162433
455,17.4801973637502
456,8.72220863497297
457,4.3174627199769
458,3.64266816759482
459,2.24185195781013
460,0.71739262649924
461,5.2379730977118
462,12.3389628450002
463,2.60828244965523
464,0.93171315966174
465,2.08662595972419
466,10.0248428356267
467,8.18514188835362
468,6.81229108013213
469,19.3839247151124
470,3.15910339588299
471,5.00004658987746
472,38.6134682129765
473,0.475513283163309
474,17.0524712290548
475,3.57961514592171
476,6.69605192537474
477,20.9744556324922
478,3.4885490062334
479,8.34886811640034
480,3.99546666480647
481,17.8476540454122
482,32.6815885235929
483,67.3018584867622
484,4.31132132187486
485,57.9937529384646
486,1.06072623282671
487,7.95644630458126
488,16.0473147057928
489,44.2393421768284
490,8.14535806327927
491,17.7246416866066
492,2.25371390068629
493,27.5924378807161
494,19.8070189397069
495,28.9496853746407
496,5.88479721453041
497,3.62089120969176
498,68.2597328411573
499,15.3408881596507
500,4.18666014478702
501,6.193502112887
502,33.1109254568593
503,8.6806869506836
504,2.18560090055689
505,21.0037722984765
506,1.45706726703793
507,15.008281379266
508,6.51628645062342
509,4.62969970703125
510,28.1405275861237
511,24.0939888273528
512,80.444725443701
513,12.2956205341489
514,39.5893285216248
515,17.0307277003303
516,15.4237035562502
517,7.25214303429139
518,57.096336825394
519,3.88786772056307
520,57.8117906550104
521,14.2291103414213
522,2.59208122268319
523,15.5071397720899
524,14.4678115844727
525,12.5550973600776
526,18.4997730096033
527,7.51542691725085
528,8.79676244710241
529,6.7117783986032
530,11.8164277910711
531,2.10606893058866
532,9.65483908683763
533,15.03726425344
534,18.357979332314
535,13.6419769832438
536,4.36068625779175
537,0.4740896448493
538,10.5454316731067
539,16.3686659303494
540,16.6157286989911
541,19.3968698422642
542,6.17009155265987
543,9.87033206234927
544,3.95607396040758
545,17.9272338442813
546,11.4304478320511
547,4.22242444939911
548,5.12181093836904
549,6.69908481678126
550,9.96812955243844
551,3.52541176306453
552,39.312017645407
553,3.14799870830029
554,25.8774286824021
555,12.2777128325304
556,1.32571405922723
557,30.3410118772008
558,12.062563667375
559,6.41892588231713
560,12.7762257593264
561,5.54641397669911
562,3.51870497884096
563,6.33363667409867
564,14.8054980935239
565,12.0990774812724
566,31.6714628172999
567,18.8795458282086
568,2.81496398307277
569,16.0626592182352
570,14.2781232363298
571,9.90082840587864
572,34.7396224495689
573,5.17358558624983
574,39.1310336327398
575,40.196759301402
576,7.55181833128345
577,8.22597523000012
578,17.4301805459162
579,12.3760355073483
580,2.20568985755929
581,3.61539595649579
582,7.13977460982278
583,9.17460827995092
584,5.14174296054989
585,3.08954850778804
586,3.09447856154293
587,33.6411004642698
588,35.8821335843269
589,48.3281274487205
590,1.06072623282671
591,8.06605165418158
592,27.3038931364629
593,18.2708277841261
594,30.8447876948415
595,34.918647227655
596,39.5924020014516
597,20.9025549080532
598,4.20349230678441
599,21.8431145091703
600,48.3281274487205
601,11.6128164616631
602,7.73619640385732
603,12.2727105277206
604,9.48309903312474
605,72.7471817242813
606,4.85504673467949
607,1.39795261868498
608,9.8381118774414
609,3.67614976259881
610,22.8759483157035
611,2.35027450870969
612,39.5893285216248
613,5.08775875078914
614,6.01234153380068
615,16.5890440245377
616,1.59085687107267
617,11.3683141527032
618,31.5056584477147
619,9.61971391784027
620,10.9121739999391
621,21.9684480104607
622,6.69395225867629
623,15.6541277182506
624,32.7646717637555
625,110.598355442071
626,47.5071942259498
627,12.3379150779366
628,10.0440778880621
629,2.10606893058866
630,0.416443582624197
631,5.80171442743311
632,4.41180581459776
633,3.16485916832606
634,11.9617554629261
635,0.89674078312405
636,0.624665373936296
637,3.24010152835399
638,11.7331210582077
639,15.5174958738114
640,49.2144651368893
641,26.7714810681184
642,9.56567493698454
643,3.88786772056307
644,28.420785381758
645,3.51870497884096
646,17.5996815873116
647,17.2234241204769
648,68.9810947017902
649,0.594391603954136
650,8.74096303293481
651,8.42333690961823
652,19.9463057989531
653,9.77395805823006
654,54.7024133017166
655,6.47619407996535
656,8.82719582179561
657,7.06175665743649
658,1.39795261868498
659,7.60668218508363
660,27.7044164191095
661,10.2272587731005
662,10.7988113719494
663,25.8810986507685
664,22.0739503045729
665,5.98179846402964
666,3.71337427385151
667,3.01282996374649
668,13.2046792931379
669,8.31962096504867
670,11.1862973310053
671,22.4479547983344
672,2.82032941045163
673,25.7061725937504
674,19.3546941027719
675,0.848580986261368
676,14.7547446409787
677,15.6524134530959
678,4.64171784231439
679,0.592612056061625
680,29.0988726897125
681,33.0116982328448
682,1.45706726703793
683,23.6451525302365
684,21.3027910257067
685,3.36933476384729
686,8.04170911158335
687,10.0041552647017
688,0.888918084092438
689,1.17636792403162
690,13.2046792931379
691,5.26517232647166
692,3.88812183402479
693,21.0392603624921
694,8.8474901464201
695,10.3524394603074
696,8.13368245963443
697,38.6625019589764
698,7.65253994958763
699,10.1085000801831
700,2.9412038763985
